Taxa,name,cooccurrence_g1,cooccurrence_g2,cor_g1,cor_g2,diff_cor,p,sign
s__Abiotrophia_defectiva,s__Abiotrophia_sp._HMSC24B09,82,41,0.814688213708746,0.712386976145116,0.10230123756363,0.207571407760135,g1+
s__Abiotrophia_defectiva,s__Actinomyces_sp._oral_taxon_172,78,39,-0.13974395441982,-0.305709685806032,0.165965731386212,0.387701915737612,g2-
s__Abiotrophia_defectiva,s__Alloprevotella_sp._oral_taxon_473,68,36,0.300002802145878,-0.0368540596164985,0.336856861762376,0.10510790705845,g1+
s__Abiotrophia_defectiva,s__Gemella_morbillorum,82,45,0.405396761208834,0.0933559713162769,0.312040789892558,0.0780862908654651,g1+
s__Abiotrophia_defectiva,s__Leptotrichia_sp._oral_taxon_218,61,33,-0.14137461323218,0.314474822684934,0.455849435917114,0.0374994069955064,g2+
s__Abiotrophia_defectiva,s__Leptotrichia_sp._oral_taxon_221,64,30,-0.138427966766254,0.340871446161392,0.479299412927646,0.0324461428043221,g2+
s__Abiotrophia_defectiva,s__Neisseria_sicca,83,44,0.209094676148551,0.345152124682405,0.136057448533854,0.441878705791014,g2+
s__Abiotrophia_defectiva,s__Neisseria_sp._HMSC071A01,77,42,0.0429112169825747,0.314182314161648,0.271271097179073,0.153763870604321,g2+
s__Abiotrophia_defectiva,s__Prevotella_histicola,77,42,-0.310089430481822,-0.0761544918416717,0.23393493864015,0.216893656709457,g1-
s__Abiotrophia_defectiva,s__Prevotella_sp._oral_taxon_306,62,39,-0.313889348640565,-0.00582343135955325,0.308065917281011,0.131424478002001,g1-
s__Abiotrophia_defectiva,s__Prevotella_vespertina,64,35,-0.324150898531538,0.0204713525785878,0.344622251110125,0.102169134589995,g1-
s__Abiotrophia_defectiva,s__Streptococcus_sp._A12,79,44,0.312525891377873,-0.0871995334866323,0.399725424864505,0.0340216349810585,g1+
s__Abiotrophia_defectiva,s__Streptococcus_sp._HMSC056C01,83,45,-0.045604465964525,-0.341484012356352,0.295879546391827,0.103615040685967,g2-
s__Abiotrophia_sp._HMSC24B09,s__Campylobacter_concisus,77,40,-0.151827035142886,0.386334971924264,0.53816200706715,0.00537380074744176,g2+
s__Abiotrophia_sp._HMSC24B09,s__Gemella_haemolysans,93,47,0.332789168829672,0.171843620183989,0.160945548645683,0.348667335819262,g1+
s__Abiotrophia_sp._HMSC24B09,s__Gemella_morbillorum,90,47,0.499962024272037,0.193699310488428,0.306262713783609,0.0563105100224146,g1+
s__Abiotrophia_sp._HMSC24B09,s__Lautropia_mirabilis,78,38,0.223067700346802,0.4105663557796,0.187498655432798,0.30631870632086,g2+
s__Abiotrophia_sp._HMSC24B09,s__Leptotrichia_sp._oral_taxon_221,69,33,-0.151860822627276,0.309049091281548,0.460909913908824,0.0318712633936753,g2+
s__Abiotrophia_sp._HMSC24B09,s__Neisseria_sp._HMSC071A01,85,45,-0.0165633553784333,0.31050173491966,0.327065090298093,0.0751515386977544,g2+
s__Abiotrophia_sp._HMSC24B09,s__Rothia_aeria,93,46,0.113922525512379,0.314262780394018,0.200340254881639,0.255384043599963,g2+
s__Abiotrophia_sp._HMSC24B09,s__Streptococcus_parasanguinis,93,47,-0.0294301343253066,-0.300206120025857,0.270775985700551,0.12755699057599,g2-
s__Abiotrophia_sp._HMSC24B09,s__Streptococcus_sp._A12,88,45,0.310054024613977,-0.047832185993142,0.357886210607119,0.0507467707023463,g1+
s__Abiotrophia_sp._HMSC24B09,s__Streptococcus_sp._XMC,90,45,0.312362037384612,-0.0870083977272686,0.399370435111881,0.0289499838949172,g1+
s__Actinomyces_bouchesdurhonensis,s__Actinomyces_graevenitzii,129,70,0.538676631592927,0.550273161946052,0.011596530353125,0.913188355273582,g2+
s__Actinomyces_bouchesdurhonensis,s__Actinomyces_sp._ICM47,132,73,0.586629868701686,0.57024181699827,0.0163880517034161,0.868220116878218,g1+
s__Actinomyces_bouchesdurhonensis,s__Actinomyces_sp._ICM58,130,71,0.719289406274126,0.48802160449727,0.231267801776856,0.013125736930111,g1+
s__Actinomyces_bouchesdurhonensis,s__Actinomyces_sp._oral_taxon_172,123,68,0.687926700914823,0.479878282635586,0.208048418279237,0.0370223183894758,g1+
s__Actinomyces_bouchesdurhonensis,s__Actinomyces_sp._S6_Spd3,96,61,0.389536856715617,0.362208086190813,0.0273287705248034,0.849125894948857,g1+
s__Actinomyces_bouchesdurhonensis,s__Candidatus_Nanosynbacter_sp._HMT_352,96,57,0.467487986919658,0.263207275020395,0.204280711899263,0.165441450166051,g1+
s__Actinomyces_bouchesdurhonensis,s__Candidatus_Nanosynbacter_sp._TM7_008,89,54,0.338237918621886,0.221045194527179,0.117192724094707,0.47118872738908,g1+
s__Actinomyces_bouchesdurhonensis,s__Candidatus_Nanosynbacter_sp._TM7_053,92,55,0.533005087040059,0.206321181751301,0.326683905288758,0.0274014936929317,g1+
s__Actinomyces_bouchesdurhonensis,s__Candidatus_Nanosynbacter_sp._TM7_057,91,54,0.496173179101341,0.15292249032423,0.343250688777111,0.0266535554205249,g1+
s__Actinomyces_bouchesdurhonensis,s__Candidatus_Nanosynbacter_sp._TM7_075,94,50,0.506974346787414,0.146420586668146,0.360553760119268,0.0220781351182624,g1+
s__Actinomyces_bouchesdurhonensis,s__Candidatus_Nanosynbacter_sp._TM7_076,90,56,0.443922231617485,0.294493821494872,0.149428410122612,0.319041241697549,g1+
s__Actinomyces_bouchesdurhonensis,s__Candidatus_Nanosynbacter_sp._TM7_087,89,54,0.45412156364537,0.163826083594873,0.290295480050497,0.0662935121935215,g1+
s__Actinomyces_bouchesdurhonensis,s__Haemophilus_parainfluenzae,132,72,-0.257626790249602,-0.321193062819592,0.0635662725699894,0.641648737289809,g2-
s__Actinomyces_bouchesdurhonensis,s__Lachnoanaerobaculum_orale,88,51,0.31675239474922,0.273368104327928,0.0433842904212925,0.79234410195993,g1+
s__Actinomyces_bouchesdurhonensis,s__Lachnoanaerobaculum_saburreum,111,58,0.438295441378743,0.117950916327251,0.320344525051492,0.0337871998840347,g1+
s__Actinomyces_bouchesdurhonensis,s__Lancefieldella_parvula,110,67,0.415067130353926,0.393480126976825,0.0215870033771006,0.870274137226587,g1+
s__Actinomyces_bouchesdurhonensis,s__Leptotrichia_sp._oral_taxon_221,98,52,0.356422812017201,0.110014792106046,0.246408019911155,0.135841858294063,g1+
s__Actinomyces_bouchesdurhonensis,s__Leptotrichia_sp._oral_taxon_417,95,59,0.320257730857837,0.266940329256715,0.0533174016011224,0.730565108570368,g1+
s__Actinomyces_bouchesdurhonensis,s__Leptotrichia_wadei,113,63,0.346032446100868,0.213491023578407,0.132541422522462,0.369246429681339,g1+
s__Actinomyces_bouchesdurhonensis,s__Mogibacterium_diversum,84,47,0.373107114485234,0.1625542888233,0.210552825661934,0.223397758433631,g1+
s__Actinomyces_bouchesdurhonensis,s__Neisseria_meningitidis,125,69,-0.341229647404996,-0.250426164225726,0.0908034831792704,0.514444753181202,g1-
s__Actinomyces_bouchesdurhonensis,s__Neisseria_mucosa,126,68,-0.352734466458139,-0.358341677448544,0.00560721099040473,0.966612527874027,g2-
s__Actinomyces_bouchesdurhonensis,s__Neisseria_sicca,126,67,-0.398983182752677,-0.251752723745262,0.147230459007416,0.28391885355528,g1-
s__Actinomyces_bouchesdurhonensis,s__Prevotella_histicola,123,72,0.355015021924534,0.375105939197092,0.0200909172725577,0.878054531002307,g2+
s__Actinomyces_bouchesdurhonensis,s__Prevotella_jejuni,117,66,0.394303297050073,0.422252940687501,0.0279496436374282,0.830795267614587,g2+
s__Actinomyces_bouchesdurhonensis,s__Prevotella_melaninogenica,131,71,0.32273975031688,0.244321789894408,0.0784179604224718,0.569571366446097,g1+
s__Actinomyces_bouchesdurhonensis,s__Prevotella_pallens,120,67,0.471702434476433,0.325743735752418,0.145958698724015,0.262527208617066,g1+
s__Actinomyces_bouchesdurhonensis,s__Prevotella_salivae,119,67,0.408425910186919,0.294870569336596,0.113555340850324,0.404404645228784,g1+
s__Actinomyces_bouchesdurhonensis,s__Prevotella_vespertina,104,61,0.314463469863709,0.244228306203376,0.0702351636603327,0.64359788024739,g1+
s__Actinomyces_bouchesdurhonensis,s__Schaalia_odontolytica,132,73,0.491489786905365,0.417636167926821,0.0738536189785441,0.53013522983726,g1+
s__Actinomyces_bouchesdurhonensis,s__Schaalia_sp._ORNL0103,128,70,0.312340663384707,0.178954691838531,0.133385971546176,0.347529904571981,g1+
s__Actinomyces_bouchesdurhonensis,s__Streptococcus_oralis,134,73,-0.373223687705358,-0.345708542031329,0.0275151456740291,0.830975236297718,g1-
s__Actinomyces_bouchesdurhonensis,s__Streptococcus_pneumoniae,134,73,-0.238404040248155,-0.346503197263789,0.108099157015634,0.423939061743126,g2-
s__Actinomyces_bouchesdurhonensis,s__Streptococcus_sp._A12,126,69,-0.310451066852573,-0.0541650924772569,0.256285974375316,0.0803379937718001,g1-
s__Actinomyces_bouchesdurhonensis,s__Veillonella_atypica,132,72,0.393034763948956,0.28842273800483,0.104612025944126,0.426739599367871,g1+
s__Actinomyces_bouchesdurhonensis,s__Veillonella_parvula,132,71,0.0518076006571182,0.335800015901585,0.283992415244467,0.0471248915964599,g2+
s__Actinomyces_bouchesdurhonensis,s__Veillonella_tobetsuensis,132,70,0.374818793097205,0.296670784709296,0.0781480083879091,0.558290380816349,g1+
s__Actinomyces_graevenitzii,s__Actinomyces_sp._ICM47,129,70,0.479759374230773,0.487174745963425,0.00741537173265167,0.948967080931231,g2+
s__Actinomyces_graevenitzii,s__Actinomyces_sp._ICM58,127,69,0.577407179139117,0.439430515385577,0.13797666375354,0.219615779685255,g1+
s__Actinomyces_graevenitzii,s__Actinomyces_sp._oral_taxon_172,123,67,0.497134909177931,0.425016836884353,0.0721180722935785,0.553584067000915,g1+
s__Actinomyces_graevenitzii,s__Actinomyces_sp._oral_taxon_181,94,53,0.293048153269005,0.384544885370026,0.0914967321010214,0.556627210479921,g2+
s__Actinomyces_graevenitzii,s__Actinomyces_sp._ph3,84,51,0.334164399602823,0.266441720588133,0.0677226790146901,0.682622891933151,g1+
s__Actinomyces_graevenitzii,s__Actinomyces_sp._S6_Spd3,95,61,0.275239203948327,0.479737019254714,0.204497815306387,0.152100735772328,g2+
s__Actinomyces_graevenitzii,s__Aggregatibacter_segnis,120,54,-0.137452824825323,-0.340088783502363,0.20263595867704,0.19827396916243,g2-
s__Actinomyces_graevenitzii,s__Alloprevotella_sp._oral_taxon_473,98,52,-0.00902632228985589,-0.319142135205506,0.31011581291565,0.0674192709065566,g2-
s__Actinomyces_graevenitzii,s__Candidatus_Nanosynbacter_sp._HMT_352,95,56,0.413231750021713,0.161576289918683,0.251655460103031,0.108848795199125,g1+
s__Actinomyces_graevenitzii,s__Candidatus_Nanosynbacter_sp._TM7_008,88,53,0.35142958690508,0.215268958395783,0.136160628509297,0.405093839346475,g1+
s__Actinomyces_graevenitzii,s__Candidatus_Nanosynbacter_sp._TM7_053,92,54,0.49740619116963,0.183194830604447,0.314211360565184,0.0400664525807937,g1+
s__Actinomyces_graevenitzii,s__Candidatus_Nanosynbacter_sp._TM7_075,92,50,0.484999168755475,0.0831235684856899,0.401875600269785,0.0133419269576331,g1+
s__Actinomyces_graevenitzii,s__Candidatus_Nanosynbacter_sp._TM7_076,89,56,0.441252113580468,0.268929798064365,0.172322315516103,0.256689574782404,g1+
s__Actinomyces_graevenitzii,s__Candidatus_Nanosynbacter_sp._TM7_087,88,54,0.303418044271456,0.171870081571198,0.131547962700258,0.430320282350572,g1+
s__Actinomyces_graevenitzii,s__Gemella_haemolysans,132,68,-0.211681573006842,-0.307818646247519,0.0961370732406772,0.497462394676243,g2-
s__Actinomyces_graevenitzii,s__Haemophilus_haemolyticus,128,70,-0.324624137092561,-0.302702755883475,0.021921381209086,0.872417008239291,g1-
s__Actinomyces_graevenitzii,s__Haemophilus_influenzae,128,69,-0.326650045658677,-0.283350116689074,0.0432999289696034,0.753642871427447,g1-
s__Actinomyces_graevenitzii,s__Haemophilus_paraphrohaemolyticus,109,51,-0.305081153530888,-0.316706299923396,0.0116251463925075,0.94103289487585,g2-
s__Actinomyces_graevenitzii,s__Haemophilus_sputorum,124,68,-0.257855526780679,-0.343125982006665,0.0852704552259857,0.541800719349726,g2-
s__Actinomyces_graevenitzii,s__Lancefieldella_parvula,110,66,0.466236038239514,0.501352715313346,0.0351166770738317,0.77274103030682,g2+
s__Actinomyces_graevenitzii,s__Megasphaera_micronuciformis,93,50,0.333253854610261,0.34136885022709,0.00811499561682899,0.959419920011629,g2+
s__Actinomyces_graevenitzii,s__Neisseria_flavescens,118,64,-0.266666032999185,-0.346924716295551,0.0802586832963654,0.575604947071657,g2-
s__Actinomyces_graevenitzii,s__Neisseria_meningitidis,125,67,-0.310330362118832,-0.366328604289812,0.0559982421709805,0.681879548511258,g2-
s__Actinomyces_graevenitzii,s__Neisseria_mucosa,127,66,-0.211566172364038,-0.307550620066263,0.0959844477022253,0.50547045297094,g2-
s__Actinomyces_graevenitzii,s__Neisseria_sicca,127,65,-0.191382904768506,-0.317166975234075,0.125784070465569,0.386413388251716,g2-
s__Actinomyces_graevenitzii,s__Neisseria_sp._HMSC071A01,111,61,-0.15078951190916,-0.357415477447392,0.206625965538232,0.172711246857096,g2-
s__Actinomyces_graevenitzii,s__Neisseria_subflava,120,64,-0.214609036146965,-0.374932914412842,0.160323878265877,0.264671951088213,g2-
s__Actinomyces_graevenitzii,s__Prevotella_histicola,124,69,0.50114409869242,0.323129935256473,0.178014163435948,0.15866977787069,g1+
s__Actinomyces_graevenitzii,s__Prevotella_jejuni,120,64,0.383797177157993,0.256296261880215,0.127500915277778,0.367338751512356,g1+
s__Actinomyces_graevenitzii,s__Prevotella_melaninogenica,131,69,0.381195876967088,0.0458711612939069,0.335324715673181,0.0189611139640438,g1+
s__Actinomyces_graevenitzii,s__Prevotella_salivae,118,65,0.397069280654812,0.160132492242207,0.236936788412606,0.100680689893544,g1+
s__Actinomyces_graevenitzii,s__Rothia_sp._HMSC062F03,124,68,0.202575743855958,0.395465323575031,0.192889579719073,0.166338655364466,g2+
s__Actinomyces_graevenitzii,s__Schaalia_odontolytica,132,71,0.540391696152685,0.511734857624429,0.0286568385282563,0.791427543627754,g1+
s__Actinomyces_graevenitzii,s__Schaalia_sp._ORNL0103,128,68,0.417408757715422,0.345679853091339,0.0717289046240828,0.582701454532685,g1+
s__Actinomyces_graevenitzii,s__Streptococcus_australis,134,71,-0.327686374043168,-0.0765072730564953,0.251179100986673,0.077819170033272,g1-
s__Actinomyces_graevenitzii,s__Streptococcus_parasanguinis,135,71,0.170072498469925,0.371759366451309,0.201686867981384,0.142846592826626,g2+
s__Actinomyces_graevenitzii,s__Streptococcus_pneumoniae,135,71,-0.256177148540519,-0.339849047821,0.0836718992804815,0.538077685864694,g2-
s__Actinomyces_graevenitzii,s__Streptococcus_sp._1001283B150225_161107_H12,129,66,-0.317633221098404,-0.118925154741709,0.198708066356695,0.174508993182854,g1-
s__Actinomyces_graevenitzii,s__Streptococcus_sp._343_SSPC,126,65,-0.389592966860189,-0.0842888812524447,0.305304085607745,0.0358710461777649,g1-
s__Actinomyces_graevenitzii,s__Streptococcus_sp._HMSC067H01,133,71,-0.18143713025239,-0.306955588072852,0.125518457820462,0.371621472651696,g2-
s__Actinomyces_graevenitzii,s__Streptococcus_sp._HSISS2,128,68,0.128939104667151,0.390296081232458,0.261356976565308,0.0647048533600176,g2+
s__Actinomyces_graevenitzii,s__Streptococcus_sp._Marseille_Q0941,133,70,-0.255314416723031,-0.343666475814175,0.0883520590911433,0.518273235185312,g2-
s__Actinomyces_graevenitzii,s__Veillonella_atypica,135,70,0.585051037156425,0.413548707497377,0.171502329659049,0.124836430061369,g1+
s__Actinomyces_graevenitzii,s__Veillonella_dispar,134,70,0.561127106554864,0.531428146949223,0.0296989596056406,0.778004301542038,g1+
s__Actinomyces_graevenitzii,s__Veillonella_nakazawae,130,69,0.518572597767814,0.494925296651829,0.0236473011159856,0.833888901800826,g1+
s__Actinomyces_graevenitzii,s__Veillonella_parvula,134,69,0.356885764626805,0.386801217051397,0.0299154524245916,0.818078792203832,g2+
s__Actinomyces_graevenitzii,s__Veillonella_sp._CLA_AA_H247,128,69,0.468835412228702,0.548418675426476,0.0795832631977741,0.479705536348192,g2+
s__Actinomyces_graevenitzii,s__Veillonella_tobetsuensis,132,69,0.380873212815723,0.313943370799305,0.066929842016418,0.614763513000604,g1+
s__Actinomyces_naeslundii,s__Actinomyces_oris,123,67,0.765761187559069,0.716069811082707,0.0496913764763616,0.475427497387949,g1+
s__Actinomyces_naeslundii,s__Alloprevotella_sp._oral_taxon_473,96,50,-0.0949416701826737,-0.399216571040388,0.304274900857714,0.0672682969999836,g2-
s__Actinomyces_naeslundii,s__Lautropia_mirabilis,99,54,0.316074190418192,-0.0751955377731067,0.391269728191299,0.0201489323733899,g1+
s__Actinomyces_naeslundii,s__Rothia_dentocariosa,123,65,0.309110747416441,0.111095426727942,0.198015320688499,0.183543463143215,g1+
s__Actinomyces_naeslundii,s__Streptococcus_anginosus,126,67,-0.0160030682494047,0.323223425160932,0.339226493410336,0.022670230775186,g2+
s__Actinomyces_naeslundii,s__Streptococcus_cristatus,126,67,0.228872268152192,0.310697824631053,0.0818255564788618,0.566627728897855,g2+
s__Actinomyces_naeslundii,s__Streptococcus_sanguinis,127,67,0.450020262667562,0.270335090468475,0.179685172199086,0.17760754245489,g1+
s__Actinomyces_naeslundii,s__Veillonella_parvula,125,66,0.326308173560079,0.305053905731738,0.0212542678283407,0.87905328437235,g1+
s__Actinomyces_oris,s__Alloprevotella_sp._oral_taxon_473,98,54,-0.124802100961945,-0.392013751963687,0.267211651001742,0.096269009605108,g2-
s__Actinomyces_oris,s__Fusobacterium_periodonticum,104,52,-0.338052264288348,-0.214396901627535,0.123655362660813,0.441085485355475,g1-
s__Actinomyces_oris,s__Fusobacterium_pseudoperiodonticum,108,57,-0.302726843843119,-0.20437847052051,0.098348373322609,0.529779863688505,g1-
s__Actinomyces_oris,s__Neisseria_flavescens,117,68,-0.152161718247339,-0.339024066113842,0.186862347866503,0.198978370446255,g2-
s__Actinomyces_oris,s__Neisseria_subflava,118,68,-0.227701258203356,-0.374888519653286,0.14718726144993,0.295504777410835,g2-
s__Actinomyces_oris,s__Porphyromonas_endodontalis,87,47,-0.0642905733501524,0.363054376257856,0.427344949608009,0.016846539762712,g2+
s__Actinomyces_oris,s__Rothia_dentocariosa,127,71,0.446351033403878,0.363378415922536,0.0829726174813426,0.51023994655446,g1+
s__Actinomyces_oris,s__Streptococcus_cristatus,132,75,0.262867080299618,0.429658989553499,0.16679190925388,0.195819175651621,g2+
s__Actinomyces_oris,s__Streptococcus_gordonii,132,75,0.35737472462404,0.280213451161766,0.0771612734622738,0.559000358835138,g1+
s__Actinomyces_oris,s__Streptococcus_oralis,132,75,0.363330772970477,0.281365582908369,0.0819651900621081,0.533708729866787,g1+
s__Actinomyces_oris,s__Streptococcus_sanguinis,132,75,0.426668109490491,0.372716048046017,0.0539520614444742,0.66232727554838,g1+
s__Actinomyces_oris,s__Streptococcus_sp._Marseille_Q3533,130,73,-0.308464087637517,-0.149095851126517,0.159368236511,0.257294733038556,g1-
s__Actinomyces_oris,s__Veillonella_parvula,130,73,0.281624724779283,0.387594814375753,0.10597008959647,0.422033373605278,g2+
s__Actinomyces_sp._ICM47,s__Actinomyces_sp._ICM58,129,71,0.683813427307874,0.455050658742109,0.228762768565765,0.0217892404481941,g1+
s__Actinomyces_sp._ICM47,s__Actinomyces_sp._oral_taxon_172,123,68,0.524002960755677,0.409078317208376,0.114924643547301,0.33871748954963,g1+
s__Actinomyces_sp._ICM47,s__Candidatus_Nanosynbacter_sp._HMT_352,96,57,0.443740181418765,0.245436130505042,0.198304050913723,0.185878029697714,g1+
s__Actinomyces_sp._ICM47,s__Candidatus_Nanosynbacter_sp._TM7_008,89,54,0.425076509758214,0.349838493916175,0.0752380158420388,0.616103304039997,g1+
s__Actinomyces_sp._ICM47,s__Candidatus_Nanosynbacter_sp._TM7_053,92,55,0.461661145521191,0.31430197630363,0.147359169217561,0.318528376347045,g1+
s__Actinomyces_sp._ICM47,s__Candidatus_Nanosynbacter_sp._TM7_057,91,54,0.407397857586723,0.281582728059307,0.125815129527416,0.416187306618391,g1+
s__Actinomyces_sp._ICM47,s__Candidatus_Nanosynbacter_sp._TM7_075,94,50,0.506746063399795,0.248596028185152,0.258150035214643,0.0901183046581797,g1+
s__Actinomyces_sp._ICM47,s__Candidatus_Nanosynbacter_sp._TM7_076,90,56,0.429849825991854,0.342726173366375,0.0871236526254789,0.556237011845856,g1+
s__Actinomyces_sp._ICM47,s__Candidatus_Nanosynbacter_sp._TM7_087,89,54,0.3942768912304,0.326965687864814,0.067311203365586,0.661317997054996,g1+
s__Actinomyces_sp._ICM47,s__Gemella_haemolysans,133,72,-0.271243068989114,-0.331709988377994,0.0604669193888797,0.65504848924615,g2-
s__Actinomyces_sp._ICM47,s__Haemophilus_haemolyticus,130,74,-0.34629920554948,-0.269426443427074,0.0768727621224065,0.566289414537044,g1-
s__Actinomyces_sp._ICM47,s__Haemophilus_parahaemolyticus,121,68,-0.310463557436226,-0.364707935883473,0.054244378447247,0.691726419845561,g2-
s__Actinomyces_sp._ICM47,s__Lachnoanaerobaculum_saburreum,112,58,0.303984168948451,0.0828535537086144,0.221130615239837,0.162777103926532,g1+
s__Actinomyces_sp._ICM47,s__Lancefieldella_parvula,110,68,0.360966826578845,0.245825399450128,0.115141427128717,0.41921143573773,g1+
s__Actinomyces_sp._ICM47,s__Leptotrichia_sp._oral_taxon_417,96,61,0.300408589234279,0.256731452880727,0.0436771363535523,0.777118839692879,g1+
s__Actinomyces_sp._ICM47,s__Leptotrichia_wadei,114,64,0.336691051678738,0.214447345371498,0.122243706307241,0.405685335974364,g1+
s__Actinomyces_sp._ICM47,s__Prevotella_histicola,125,73,0.380440280200662,0.348755561510434,0.0316847186902283,0.80742538813646,g1+
s__Actinomyces_sp._ICM47,s__Prevotella_jejuni,119,67,0.383483861520978,0.303443296120706,0.0800405654002724,0.559672993565304,g1+
s__Actinomyces_sp._ICM47,s__Prevotella_pallens,122,68,0.423740186670281,0.133282072960603,0.290458113709678,0.0391259020543491,g1+
s__Actinomyces_sp._ICM47,s__Schaalia_odontolytica,134,74,0.44181540183223,0.36385221440555,0.07796318742668,0.527265967478086,g1+
s__Actinomyces_sp._ICM47,s__Schaalia_sp._ORNL0103,130,70,0.403693391711284,0.212568834299463,0.191124557411821,0.159930945285692,g1+
s__Actinomyces_sp._ICM47,s__Streptococcus_mitis,136,75,-0.384359760932261,-0.445891218009643,0.0615314570773825,0.611129387942771,g2-
s__Actinomyces_sp._ICM47,s__Streptococcus_oralis,136,75,-0.329564211739778,-0.46508648778235,0.135522276042572,0.269852117683411,g2-
s__Actinomyces_sp._ICM47,s__Streptococcus_pneumoniae,136,75,-0.335190060537586,-0.509697337987655,0.174507277450069,0.144216845679148,g2-
s__Actinomyces_sp._ICM47,s__Streptococcus_pseudopneumoniae,135,75,-0.258448163320519,-0.413149599458537,0.154701436138018,0.232404246484592,g2-
s__Actinomyces_sp._ICM47,s__Veillonella_atypica,134,74,0.371166536030248,0.254910645412451,0.116255890617797,0.380952781041302,g1+
s__Actinomyces_sp._ICM47,s__Veillonella_dispar,134,74,0.357960451321092,0.345203735715737,0.0127567156053551,0.921317991961358,g1+
s__Actinomyces_sp._ICM47,s__Veillonella_nakazawae,130,72,0.391068951600103,0.300167983490685,0.0909009681094173,0.489504704121829,g1+
s__Actinomyces_sp._ICM47,s__Veillonella_rogosae,132,75,0.117453701168284,0.49210786903393,0.374654167865646,0.00422641557994141,g2+
s__Actinomyces_sp._ICM47,s__Veillonella_sp._oral_taxon_158,133,74,0.158369805944078,0.488950435967075,0.330580630022997,0.0110554408896875,g2+
s__Actinomyces_sp._ICM47,s__Veillonella_sp._S13053_19,130,73,0.129585038422038,0.463635487235932,0.334050448813894,0.0125468516430991,g2+
s__Actinomyces_sp._ICM47,s__Veillonella_tobetsuensis,131,72,0.321162821798973,0.339522708270716,0.0183598864717432,0.890242524533819,g2+
s__Actinomyces_sp._ICM58,s__Actinomyces_sp._oral_taxon_172,122,67,0.78204599018311,0.819941009358517,0.0378950191754074,0.494002313325066,g2+
s__Actinomyces_sp._ICM58,s__Actinomyces_sp._S6_Spd3,95,61,0.342739050011838,0.239712775324309,0.10302627468753,0.501379219120089,g1+
s__Actinomyces_sp._ICM58,s__Candidatus_Nanosynbacter_sp._HMT_352,96,56,0.501165990776566,0.320783000652034,0.180382990124532,0.204566863270632,g1+
s__Actinomyces_sp._ICM58,s__Candidatus_Nanosynbacter_sp._TM7_008,89,53,0.325674127889441,0.32598939861774,0.000315270728298844,0.998417544522262,g2+
s__Actinomyces_sp._ICM58,s__Candidatus_Nanosynbacter_sp._TM7_053,92,54,0.54225470682957,0.40901199468571,0.13324271214386,0.32481963044505,g1+
s__Actinomyces_sp._ICM58,s__Candidatus_Nanosynbacter_sp._TM7_057,91,54,0.466990826438343,0.325668475958727,0.141322350479616,0.339083446273126,g1+
s__Actinomyces_sp._ICM58,s__Candidatus_Nanosynbacter_sp._TM7_075,94,50,0.542117317343858,0.35426278422641,0.187854533117447,0.187332408482672,g1+
s__Actinomyces_sp._ICM58,s__Candidatus_Nanosynbacter_sp._TM7_076,90,56,0.466742245254933,0.367382284304123,0.0993599609508101,0.489210301213037,g1+
s__Actinomyces_sp._ICM58,s__Candidatus_Nanosynbacter_sp._TM7_087,89,54,0.49008934614589,0.263195303899056,0.226894042246835,0.131379384815064,g1+
s__Actinomyces_sp._ICM58,s__Gemella_haemolysans,128,68,-0.305261842187546,-0.123358631446511,0.181903210741035,0.210890250244438,g1-
s__Actinomyces_sp._ICM58,s__Haemophilus_haemolyticus,126,70,-0.351917309744284,-0.25679644112537,0.0951208686189145,0.489428301569058,g1-
s__Actinomyces_sp._ICM58,s__Lachnoanaerobaculum_saburreum,109,58,0.366888601095563,-0.0956911876213732,0.462579788716936,0.0038122164181873,g1+
s__Actinomyces_sp._ICM58,s__Lancefieldella_parvula,110,67,0.373509988112585,0.186638113698219,0.186871874414366,0.197498007131204,g1+
s__Actinomyces_sp._ICM58,s__Leptotrichia_sp._oral_taxon_221,98,52,0.311886272098211,-0.0702767190294994,0.38216299112771,0.0254434670975234,g1+
s__Actinomyces_sp._ICM58,s__Leptotrichia_sp._oral_taxon_417,93,58,0.357282573218902,-0.0187097903083356,0.375992363527238,0.0218384832651251,g1+
s__Actinomyces_sp._ICM58,s__Leptotrichia_wadei,112,62,0.357827853749093,0.0493225563175537,0.30850529743154,0.0443274482359228,g1+
s__Actinomyces_sp._ICM58,s__Mogibacterium_diversum,84,47,0.311066192853082,0.330173304390593,0.0191071115375109,0.909459176292813,g2+
s__Actinomyces_sp._ICM58,s__Prevotella_histicola,121,70,0.327602576472102,-0.0255155315394354,0.353118108011537,0.0168297907223023,g1+
s__Actinomyces_sp._ICM58,s__Prevotella_jejuni,116,66,0.33339588367314,0.103161418414364,0.230234465258776,0.122058100781854,g1+
s__Actinomyces_sp._ICM58,s__Prevotella_melaninogenica,129,69,0.38830963574365,-0.0292705371890436,0.417580172932694,0.00385574204910788,g1+
s__Actinomyces_sp._ICM58,s__Prevotella_pallens,118,66,0.454162083828688,0.173476973918448,0.280685109910241,0.0446837456515066,g1+
s__Actinomyces_sp._ICM58,s__Prevotella_salivae,119,67,0.339527266999256,-0.0392798342563792,0.378807101255635,0.0116355992102164,g1+
s__Actinomyces_sp._ICM58,s__Schaalia_odontolytica,130,71,0.547426765218123,0.328480929701331,0.218945835516792,0.0686670763172725,g1+
s__Actinomyces_sp._ICM58,s__Schaalia_sp._ORNL0103,127,69,0.473620086430339,0.175593368193287,0.298026718237052,0.0268504969788717,g1+
s__Actinomyces_sp._ICM58,s__Streptococcus_gordonii,131,71,-0.212772558838765,-0.408478210765327,0.195705651926562,0.146834023196299,g2-
s__Actinomyces_sp._ICM58,s__Streptococcus_mitis,131,71,-0.394534870699225,-0.378472293342712,0.0160625773565122,0.899855460587414,g1-
s__Actinomyces_sp._ICM58,s__Streptococcus_oralis,131,71,-0.37632285420706,-0.480179671009839,0.103856816802779,0.395707550616865,g2-
s__Actinomyces_sp._ICM58,s__Streptococcus_pneumoniae,131,71,-0.35989308908122,-0.454484821323232,0.0945917322420112,0.449134690909704,g2-
s__Actinomyces_sp._ICM58,s__Streptococcus_sp._1001283B150225_161107_H12,126,66,-0.150616876923034,0.330602179557617,0.481219056480651,0.00138968493662284,g2+
s__Actinomyces_sp._ICM58,s__Streptococcus_sp._343_SSPC,124,65,-0.224327483801355,0.333595168901901,0.557922652703256,0.000231374495699432,g2+
s__Actinomyces_sp._ICM58,s__Streptococcus_sp._XMC,126,68,-0.220012422882926,0.305888885706432,0.525901308589358,0.000432627537913399,g2+
s__Actinomyces_sp._ICM58,s__Veillonella_atypica,130,71,0.362212923298846,-0.0227600028379765,0.384972926136823,0.00743846356865796,g1+
s__Actinomyces_sp._ICM58,s__Veillonella_dispar,130,70,0.351063062710683,-0.0316162823155896,0.382679345026273,0.00834639809585602,g1+
s__Actinomyces_sp._ICM58,s__Veillonella_nakazawae,125,70,0.335755180505031,-0.0111228623195945,0.346878042824626,0.0177745052403853,g1+
s__Actinomyces_sp._ICM58,s__Veillonella_rogosae,129,71,0.21936286523768,0.396685098182018,0.177322232944338,0.191093608264951,g2+
s__Actinomyces_sp._ICM58,s__Veillonella_sp._oral_taxon_158,130,71,0.224830546488505,0.416663540677413,0.191832994188909,0.152661177798926,g2+
s__Actinomyces_sp._ICM58,s__Veillonella_sp._S13053_19,128,71,0.222947219590955,0.382845312872409,0.159898093281454,0.241112991809683,g2+
s__Actinomyces_sp._ICM58,s__Veillonella_tobetsuensis,129,70,0.405679286497618,0.152365031831714,0.253314254665904,0.0670830090133943,g1+
s__Actinomyces_sp._oral_taxon_172,s__Actinomyces_sp._S6_Spd3,95,61,0.453178680581578,0.256656507282258,0.196522173299321,0.177356515946224,g1+
s__Actinomyces_sp._oral_taxon_172,s__Candidatus_Nanosynbacter_sp._HMT_352,95,55,0.470161598763143,0.413672556936176,0.0564890418269671,0.685568218015586,g1+
s__Actinomyces_sp._oral_taxon_172,s__Candidatus_Nanosynbacter_sp._TM7_008,88,52,0.322646989656404,0.36864020215612,0.0459932124997156,0.770822830859267,g2+
s__Actinomyces_sp._oral_taxon_172,s__Candidatus_Nanosynbacter_sp._TM7_053,91,53,0.530067398683781,0.465751898785336,0.0643154998984444,0.628819119186683,g1+
s__Actinomyces_sp._oral_taxon_172,s__Candidatus_Nanosynbacter_sp._TM7_057,89,53,0.458893199053644,0.402210120092227,0.0566830789614166,0.695426667198171,g1+
s__Actinomyces_sp._oral_taxon_172,s__Candidatus_Nanosynbacter_sp._TM7_075,92,49,0.519143958795369,0.403252206051964,0.115891752743405,0.416194325938063,g1+
s__Actinomyces_sp._oral_taxon_172,s__Candidatus_Nanosynbacter_sp._TM7_076,89,55,0.42430004404972,0.362008867180364,0.0622911768693563,0.674697991076652,g1+
s__Actinomyces_sp._oral_taxon_172,s__Candidatus_Nanosynbacter_sp._TM7_087,88,53,0.432357744104595,0.336061074409684,0.0962966696949115,0.525525176594188,g1+
s__Actinomyces_sp._oral_taxon_172,s__Lachnoanaerobaculum_saburreum,106,55,0.331568730950831,-0.107850065311889,0.43941879626272,0.00776620397670635,g1+
s__Actinomyces_sp._oral_taxon_172,s__Lancefieldella_parvula,108,64,0.3901105489389,0.165472094097245,0.224638454841654,0.128167179488401,g1+
s__Actinomyces_sp._oral_taxon_172,s__Mogibacterium_diversum,84,47,0.384224072044521,0.400043376651587,0.0158193046070662,0.920484831212004,g2+
s__Actinomyces_sp._oral_taxon_172,s__Prevotella_jejuni,114,63,0.319999753508834,0.0206308193698173,0.299368934139017,0.0522625124867326,g1+
s__Actinomyces_sp._oral_taxon_172,s__Prevotella_melaninogenica,123,67,0.352374182762173,-0.00125095283344093,0.353625135595614,0.0170069229511725,g1+
s__Actinomyces_sp._oral_taxon_172,s__Prevotella_pallens,114,65,0.324089809075041,0.0469086961140259,0.277181112961015,0.0680832752385809,g1+
s__Actinomyces_sp._oral_taxon_172,s__Schaalia_odontolytica,125,68,0.619856732970798,0.292278289691799,0.327578443278999,0.0057933670926924,g1+
s__Actinomyces_sp._oral_taxon_172,s__Schaalia_sp._ORNL0103,124,67,0.513024143998194,0.19070924777562,0.322314896222574,0.0156002046257031,g1+
s__Actinomyces_sp._oral_taxon_172,s__Solobacterium_moorei,90,56,0.320321949801592,0.276826385246386,0.0434955645552065,0.783995355144338,g1+
s__Actinomyces_sp._oral_taxon_172,s__Streptococcus_australis,125,68,-0.13915627599932,0.306529248627904,0.445685524627225,0.00293437493136728,g2+
s__Actinomyces_sp._oral_taxon_172,s__Streptococcus_gordonii,125,68,-0.219704498506953,-0.379749817175647,0.160045318668694,0.250613028515746,g2-
s__Actinomyces_sp._oral_taxon_172,s__Streptococcus_mitis,125,68,-0.344437503822438,-0.292826849549731,0.0516106542727064,0.70825426299664,g1-
s__Actinomyces_sp._oral_taxon_172,s__Streptococcus_oralis,125,68,-0.365990704603703,-0.42449389070036,0.0585031860966568,0.651432692716837,g2-
s__Actinomyces_sp._oral_taxon_172,s__Streptococcus_pneumoniae,125,68,-0.325430398785391,-0.294510882914144,0.0309195158712465,0.823707649800553,g1-
s__Actinomyces_sp._oral_taxon_172,s__Streptococcus_sp._1001283B150225_161107_H12,121,64,-0.156575133661125,0.385661185493925,0.54223631915505,0.000343466731234088,g2+
s__Actinomyces_sp._oral_taxon_172,s__Streptococcus_sp._343_SSPC,120,62,-0.153199042699655,0.414593182163416,0.567792224863071,0.00019161566286563,g2+
s__Actinomyces_sp._oral_taxon_172,s__Streptococcus_sp._A12,119,64,-0.126250151809491,0.330808250220613,0.457058402030104,0.00292136822719913,g2+
s__Actinomyces_sp._oral_taxon_172,s__Streptococcus_sp._M334,123,67,-0.306316441217425,-0.148342241149701,0.157974200067724,0.280537041456116,g1-
s__Actinomyces_sp._oral_taxon_172,s__Streptococcus_sp._XMC,122,66,-0.161397439636509,0.371783589033969,0.533181028670478,0.000383439600281532,g2+
s__Actinomyces_sp._oral_taxon_172,s__Veillonella_dispar,124,68,0.333939524280643,-0.0461310039645383,0.380070528245182,0.0105190152988199,g1+
s__Actinomyces_sp._oral_taxon_172,s__Veillonella_nakazawae,122,67,0.316408752074946,-0.0783628231141771,0.394771575189123,0.008785216866801,g1+
s__Actinomyces_sp._oral_taxon_172,s__Veillonella_rogosae,123,68,0.140081332955364,0.319396992695739,0.179315659740375,0.217389002590737,g2+
s__Actinomyces_sp._oral_taxon_181,s__Actinomyces_sp._ph3,77,46,0.710113510819564,0.816403587603346,0.106290076783782,0.177590170472911,g2+
s__Actinomyces_sp._oral_taxon_181,s__Actinomyces_sp._S6_Spd3,86,51,0.58190354469446,0.582808812072312,0.000905267377852015,0.993972646723251,g2+
s__Actinomyces_sp._oral_taxon_181,s__Fusobacterium_periodonticum,78,39,-0.253089612732276,-0.358302306718765,0.105212693986489,0.566494765854072,g2-
s__Actinomyces_sp._oral_taxon_181,s__Fusobacterium_pseudoperiodonticum,78,43,-0.235650790161716,-0.321177046837408,0.0855262566756912,0.635533235320193,g2-
s__Actinomyces_sp._oral_taxon_181,s__Haemophilus_haemolyticus,89,53,-0.344184689375824,-0.312076849334423,0.032107840041401,0.8396398096663,g1-
s__Actinomyces_sp._oral_taxon_181,s__Haemophilus_influenzae,89,54,-0.278063532471006,-0.349796934695883,0.071733402224877,0.652307066718319,g2-
s__Actinomyces_sp._oral_taxon_181,s__Haemophilus_parahaemolyticus,82,48,-0.283449692595677,-0.405972286701643,0.122522594105966,0.455587337074034,g2-
s__Actinomyces_sp._oral_taxon_181,s__Haemophilus_parainfluenzae,92,54,-0.32453283923644,-0.301360010904272,0.0231728283321686,0.883699433492852,g1-
s__Actinomyces_sp._oral_taxon_181,s__Haemophilus_sputorum,85,52,-0.394578943716824,-0.349975735383606,0.044603208333218,0.774222971020986,g1-
s__Actinomyces_sp._oral_taxon_181,s__Lachnoanaerobaculum_orale,75,42,0.270154192340502,0.356869576119985,0.0867153837794833,0.628263300473408,g2+
s__Actinomyces_sp._oral_taxon_181,s__Lancefieldella_parvula,87,54,0.399537175227317,0.33459305503256,0.0649441201947571,0.672227242482824,g1+
s__Actinomyces_sp._oral_taxon_181,s__Lautropia_mirabilis,72,39,-0.252006868501574,-0.480382993798502,0.228376125296928,0.195860989655342,g2-
s__Actinomyces_sp._oral_taxon_181,s__Megasphaera_micronuciformis,78,42,0.396223087269446,0.246268977405367,0.14995410986408,0.395558030026326,g1+
s__Actinomyces_sp._oral_taxon_181,s__Neisseria_flavescens,79,47,-0.397498139530762,-0.414795377555562,0.0172972380248003,0.912922110218322,g2-
s__Actinomyces_sp._oral_taxon_181,s__Neisseria_meningitidis,85,50,-0.43079916212688,-0.408164691866382,0.0226344702604975,0.880645696458429,g1-
s__Actinomyces_sp._oral_taxon_181,s__Neisseria_mucosa,86,49,-0.309464528625119,-0.229713120226524,0.079751408398595,0.639621526418066,g1-
s__Actinomyces_sp._oral_taxon_181,s__Neisseria_sicca,86,48,-0.335788683068086,-0.316657559745414,0.0191311233226726,0.907924797074847,g1-
s__Actinomyces_sp._oral_taxon_181,s__Neisseria_sp._HMSC071A01,73,44,-0.269526904578038,-0.405805239649763,0.136278335071725,0.432913131453474,g2-
s__Actinomyces_sp._oral_taxon_181,s__Neisseria_subflava,81,47,-0.36191149826931,-0.375873166278598,0.0139616680092879,0.931690660987851,g2-
s__Actinomyces_sp._oral_taxon_181,s__Porphyromonas_somerae,74,41,-0.316675809639712,-0.317322561250225,0.000646751610512419,0.997145844213776,g2-
s__Actinomyces_sp._oral_taxon_181,s__Prevotella_histicola,90,53,0.425770139557687,0.181917500085488,0.243852639472199,0.127093688864334,g1+
s__Actinomyces_sp._oral_taxon_181,s__Prevotella_sp._oral_taxon_306,80,51,0.312540664688579,0.0513869334751634,0.261153731213416,0.13923663147979,g1+
s__Actinomyces_sp._oral_taxon_181,s__Prevotella_vespertina,83,48,0.306208765178038,0.219111969496491,0.0870967956815467,0.615323121580085,g1+
s__Actinomyces_sp._oral_taxon_181,s__Rothia_dentocariosa,93,52,0.170408548187607,0.360923121834744,0.190514573647137,0.246239374374507,g2+
s__Actinomyces_sp._oral_taxon_181,s__Rothia_sp._HMSC062F03,88,52,0.465123014036421,0.318822755650289,0.146300258386132,0.333421670068456,g1+
s__Actinomyces_sp._oral_taxon_181,s__Rothia_sp._HMSC072E10,88,51,0.392009783734586,0.319594794973626,0.0724149887609601,0.64581786276005,g1+
s__Actinomyces_sp._oral_taxon_181,s__Schaalia_odontolytica,94,53,0.451050611276236,0.471018209062401,0.0199675977861656,0.885454352051521,g2+
s__Actinomyces_sp._oral_taxon_181,s__Schaalia_sp._ORNL0103,93,53,0.35044798896982,0.455117122253293,0.104669133283473,0.47788416415891,g2+
s__Actinomyces_sp._oral_taxon_181,s__Streptococcus_australis,93,54,-0.305443852299006,-0.213868142474833,0.0915757098241724,0.574930569810684,g1-
s__Actinomyces_sp._oral_taxon_181,s__Streptococcus_parasanguinis,94,54,0.420327886709091,0.426534329413797,0.00620644270470555,0.965515441350564,g2+
s__Actinomyces_sp._oral_taxon_181,s__Streptococcus_salivarius,94,54,0.34127597081632,0.224667768134692,0.116608202681628,0.467916715672016,g1+
s__Actinomyces_sp._oral_taxon_181,s__Streptococcus_sp._1001283B150225_161107_H12,91,51,-0.314833180898934,-0.328226203513633,0.0133930226146985,0.93365433105116,g2-
s__Actinomyces_sp._oral_taxon_181,s__Streptococcus_sp._HSISS2,88,53,0.192398285609696,0.317541032315006,0.12514274670531,0.451858142727927,g2+
s__Actinomyces_sp._oral_taxon_181,s__Streptococcus_sp._Marseille_Q3533,92,53,-0.249349745298848,-0.376007243860703,0.126657498561855,0.426034304777659,g2-
s__Actinomyces_sp._oral_taxon_181,s__Streptococcus_sp._XMC,92,53,-0.303358706516988,-0.0412921820011783,0.26206652451581,0.123941473820598,g1-
s__Actinomyces_sp._oral_taxon_181,s__Veillonella_atypica,94,54,0.320746852581102,0.24426494826757,0.0764819043135313,0.634428825467625,g1+
s__Actinomyces_sp._oral_taxon_181,s__Veillonella_dispar,93,54,0.401312673077356,0.268699094071871,0.132613579005486,0.39287618801191,g1+
s__Actinomyces_sp._oral_taxon_181,s__Veillonella_nakazawae,92,54,0.370366894309687,0.232369404718449,0.137997489591238,0.38628663616956,g1+
s__Actinomyces_sp._oral_taxon_181,s__Veillonella_sp._CLA_AA_H247,92,54,0.373496888299098,0.363414803480703,0.0100820848183957,0.947038580553733,g1+
s__Actinomyces_sp._ph3,s__Actinomyces_sp._S6_Spd3,77,50,0.570543433845477,0.633565599342118,0.0630221654966412,0.595494698332767,g2+
s__Actinomyces_sp._ph3,s__Fusobacterium_periodonticum,70,38,-0.283095998002062,-0.322487555149221,0.0393915571471596,0.835243753336936,g2-
s__Actinomyces_sp._ph3,s__Fusobacterium_pseudoperiodonticum,71,43,-0.24168023781919,-0.347745437313828,0.106065199494639,0.55939202742427,g2-
s__Actinomyces_sp._ph3,s__Haemophilus_haemolyticus,80,51,-0.353075256101569,-0.30851504857328,0.0445602075282889,0.785506705253261,g1-
s__Actinomyces_sp._ph3,s__Haemophilus_influenzae,81,52,-0.310763841957757,-0.257726593705936,0.0530372482518208,0.751518856437114,g1-
s__Actinomyces_sp._ph3,s__Haemophilus_parahaemolyticus,72,46,-0.221872255087736,-0.355462289001213,0.133590033913477,0.452200251632224,g2-
s__Actinomyces_sp._ph3,s__Haemophilus_parainfluenzae,83,52,-0.350218158083237,-0.236720498869382,0.113497659213855,0.492884267686351,g1-
s__Actinomyces_sp._ph3,s__Haemophilus_paraphrohaemolyticus,65,36,-0.109593949265782,-0.325715796369841,0.216121847104059,0.290027404613225,g2-
s__Actinomyces_sp._ph3,s__Haemophilus_sputorum,77,50,-0.308112121781785,-0.328290712902638,0.0201785911208533,0.904183336203238,g2-
s__Actinomyces_sp._ph3,s__Lachnoanaerobaculum_orale,69,42,0.263311447445787,0.423096332390487,0.159784884944701,0.368068105241386,g2+
s__Actinomyces_sp._ph3,s__Lancefieldella_parvula,78,51,0.458920991141699,0.354738859337151,0.104182131804548,0.498574581270623,g1+
s__Actinomyces_sp._ph3,s__Lautropia_mirabilis,64,38,-0.196830149429214,-0.4163202232798,0.219490073850586,0.250254504940896,g2-
s__Actinomyces_sp._ph3,s__Megasphaera_micronuciformis,69,44,0.333624863214022,0.355350836880541,0.0217259736665196,0.901332958837254,g2+
s__Actinomyces_sp._ph3,s__Neisseria_flavescens,71,45,-0.340925421912602,-0.443968280710993,0.10304285879839,0.534097374736523,g2-
s__Actinomyces_sp._ph3,s__Neisseria_meningitidis,77,48,-0.417857985916629,-0.345374491598441,0.072483494318188,0.653304277498651,g1-
s__Actinomyces_sp._ph3,s__Neisseria_mucosa,77,47,-0.354706428845027,-0.22446749539685,0.130238933448177,0.454254961334122,g1-
s__Actinomyces_sp._ph3,s__Neisseria_sp._HMSC071A01,65,43,-0.311345754810811,-0.362550922469581,0.0512051676587699,0.775697086251031,g2-
s__Actinomyces_sp._ph3,s__Neisseria_subflava,73,45,-0.397120463671668,-0.365839453847611,0.0312810098240572,0.851195672556842,g1-
s__Actinomyces_sp._ph3,s__Porphyromonas_somerae,66,39,-0.346451321712489,-0.236441569360034,0.110009752352455,0.564416518530174,g1-
s__Actinomyces_sp._ph3,s__Prevotella_histicola,83,52,0.369101506831945,0.216011751801156,0.153089755030788,0.354641902727936,g1+
s__Actinomyces_sp._ph3,s__Rothia_sp._HMSC062F03,80,50,0.574365537012342,0.391869683023349,0.182495853988993,0.194768679495367,g1+
s__Actinomyces_sp._ph3,s__Rothia_sp._HMSC072E10,80,50,0.446157363137872,0.372988801867816,0.0731685612700563,0.634489208374333,g1+
s__Actinomyces_sp._ph3,s__Schaalia_odontolytica,85,52,0.330453369468553,0.425395671829233,0.0949423023606795,0.539002233828765,g2+
s__Actinomyces_sp._ph3,s__Schaalia_sp._ORNL0103,85,52,0.26590277671975,0.353967975868153,0.0880651991484028,0.589125428065081,g2+
s__Actinomyces_sp._ph3,s__Streptococcus_gordonii,85,52,0.219908645770657,0.366369615853352,0.146460970082695,0.373580371431523,g2+
s__Actinomyces_sp._ph3,s__Streptococcus_parasanguinis,85,52,0.37334843073628,0.428182932231121,0.0548345014948403,0.717363518466271,g2+
s__Actinomyces_sp._ph3,s__Streptococcus_sp._1001283B150225_161107_H12,82,50,-0.312165382745295,-0.325820419647778,0.013655036902483,0.934229032395544,g2-
s__Actinomyces_sp._ph3,s__Streptococcus_sp._A12,80,51,-0.305892076223638,-0.247542504423219,0.0583495718004191,0.73104565566687,g1-
s__Actinomyces_sp._ph3,s__Streptococcus_sp._Marseille_Q3533,83,51,-0.379510239364566,-0.314451735536902,0.0650585038276641,0.68520858710336,g1-
s__Actinomyces_sp._ph3,s__Streptococcus_timonensis,83,52,-0.385948248905701,-0.158306235243592,0.227642013662109,0.172665578675502,g1-
s__Actinomyces_sp._ph3,s__Veillonella_atypica,85,52,0.347932491925151,0.231153991797,0.116778500128151,0.47948837328559,g1+
s__Actinomyces_sp._ph3,s__Veillonella_dispar,84,52,0.355625267721891,0.183600146794025,0.172025120927866,0.30365037214158,g1+
s__Actinomyces_sp._ph3,s__Veillonella_nakazawae,82,52,0.318187549478645,0.148510775221748,0.169676774256898,0.322204591030161,g1+
s__Actinomyces_sp._ph3,s__Veillonella_parvula,84,51,0.357790045705397,0.21296865269407,0.144821393011328,0.38550529587957,g1+
s__Actinomyces_sp._ph3,s__Veillonella_sp._CLA_AA_H247,82,52,0.335715424380809,0.256135575534237,0.079579848846572,0.631213312924138,g1+
s__Actinomyces_sp._S6_Spd3,s__Aggregatibacter_segnis,85,47,-0.270381244173089,-0.349514709929043,0.0791334657559545,0.63917981129263,g2-
s__Actinomyces_sp._S6_Spd3,s__Aggregatibacter_sp._2125159857,72,40,-0.22476815080497,-0.306355325093706,0.081587174288736,0.666384123118683,g2-
s__Actinomyces_sp._S6_Spd3,s__Alloprevotella_sp._oral_taxon_473,73,46,-0.0138407830792026,-0.390309859593341,0.376469076514138,0.0398020310038318,g2-
s__Actinomyces_sp._S6_Spd3,s__Candidatus_Nanosynbacter_sp._HMT_352,79,52,0.432475720556134,0.374692359548019,0.0577833610081149,0.706186142986033,g1+
s__Actinomyces_sp._S6_Spd3,s__Candidatus_Nanosynbacter_sp._TM7_008,75,50,0.337210872759811,0.399775553493733,0.062564680733922,0.699279254776529,g2+
s__Actinomyces_sp._S6_Spd3,s__Candidatus_Nanosynbacter_sp._TM7_053,76,50,0.393900956065006,0.301699818036908,0.0922011380280987,0.574417989228615,g1+
s__Actinomyces_sp._S6_Spd3,s__Candidatus_Nanosynbacter_sp._TM7_057,76,49,0.378758188119318,0.146987112001669,0.231771076117649,0.183206907962413,g1+
s__Actinomyces_sp._S6_Spd3,s__Candidatus_Nanosynbacter_sp._TM7_075,77,47,0.333104046438354,0.264009584993727,0.0690944614446272,0.690108217767173,g1+
s__Actinomyces_sp._S6_Spd3,s__Candidatus_Nanosynbacter_sp._TM7_076,76,50,0.263011568084331,0.324316859264173,0.0613052911798418,0.719659590992539,g2+
s__Actinomyces_sp._S6_Spd3,s__Candidatus_Nanosynbacter_sp._TM7_087,75,50,0.345901733272429,0.306503534689951,0.0393981985824772,0.814081080087537,g1+
s__Actinomyces_sp._S6_Spd3,s__Haemophilus_haemolyticus,92,60,-0.374891716720174,-0.40959364350436,0.0347019267841853,0.808936366378378,g2-
s__Actinomyces_sp._S6_Spd3,s__Haemophilus_influenzae,92,60,-0.212100794217142,-0.417813466592837,0.205712672375695,0.175794370897932,g2-
s__Actinomyces_sp._S6_Spd3,s__Haemophilus_parahaemolyticus,84,55,-0.211766069964269,-0.388736376545607,0.176970306581338,0.271764895137123,g2-
s__Actinomyces_sp._S6_Spd3,s__Haemophilus_parainfluenzae,95,61,-0.18318134456842,-0.460479183531096,0.277297838962676,0.06221912991929,g2-
s__Actinomyces_sp._S6_Spd3,s__Haemophilus_paraphrohaemolyticus,74,44,-0.22983697522961,-0.459046493851673,0.229209518622063,0.181500885926427,g2-
s__Actinomyces_sp._S6_Spd3,s__Haemophilus_sp._Marseille_Q0026,64,38,-0.176888834116449,-0.34969664451247,0.172807810396021,0.379560764481456,g2-
s__Actinomyces_sp._S6_Spd3,s__Haemophilus_sputorum,88,59,-0.258702011179987,-0.377855407759537,0.11915339657955,0.440218476889997,g2-
s__Actinomyces_sp._S6_Spd3,s__Lachnoanaerobaculum_orale,79,45,0.432902669904494,0.53262786734859,0.0997251974440957,0.497821482932897,g2+
s__Actinomyces_sp._S6_Spd3,s__Lachnoanaerobaculum_saburreum,85,51,0.318439814366622,0.241278601029255,0.0771612133373667,0.644807738413316,g1+
s__Actinomyces_sp._S6_Spd3,s__Lachnoanaerobaculum_sp._ICM7,70,40,0.233260406691039,0.344772879759946,0.111512473068907,0.551860032206662,g2+
s__Actinomyces_sp._S6_Spd3,s__Lancefieldella_parvula,93,60,0.518974668604244,0.639660683251681,0.120686014647437,0.28055336614792,g2+
s__Actinomyces_sp._S6_Spd3,s__Lautropia_mirabilis,74,46,-0.172135164471544,-0.300671091487794,0.12853592701625,0.480297212796077,g2-
s__Actinomyces_sp._S6_Spd3,s__Leptotrichia_sp._oral_taxon_215,81,43,-0.0866294870548152,0.32493949060547,0.411568977660285,0.0292377925390346,g2+
s__Actinomyces_sp._S6_Spd3,s__Megasphaera_micronuciformis,79,47,0.409314374298325,0.343546319893715,0.0657680544046099,0.685637555315608,g1+
s__Actinomyces_sp._S6_Spd3,s__Mogibacterium_diversum,72,46,0.469223871279226,0.424246332049232,0.0449775392299947,0.772322394402427,g1+
s__Actinomyces_sp._S6_Spd3,s__Neisseria_flavescens,82,54,-0.243616629306473,-0.459646011265694,0.21602938195922,0.166968785343761,g2-
s__Actinomyces_sp._S6_Spd3,s__Neisseria_meningitidis,88,57,-0.295176534542501,-0.389782210533596,0.0946056759910952,0.537443454559391,g2-
s__Actinomyces_sp._S6_Spd3,s__Neisseria_mucosa,89,56,-0.229456950536232,-0.398693971779554,0.169237021243322,0.2804535575078,g2-
s__Actinomyces_sp._S6_Spd3,s__Neisseria_sicca,89,55,-0.274309131622803,-0.332384301720592,0.0580751700977896,0.715662126396841,g2-
s__Actinomyces_sp._S6_Spd3,s__Neisseria_sp._HMSC071A01,77,53,-0.165006824376415,-0.412850855915159,0.247844031538744,0.136592500702318,g2-
s__Actinomyces_sp._S6_Spd3,s__Neisseria_subflava,84,54,-0.231475518318453,-0.453285999174444,0.221810480855992,0.156836754632819,g2-
s__Actinomyces_sp._S6_Spd3,s__Parvimonas_micra,82,56,0.100591457465023,0.301621018447934,0.201029560982911,0.236095042011725,g2+
s__Actinomyces_sp._S6_Spd3,s__Prevotella_histicola,94,60,0.429828305821098,0.295747681874204,0.134080623946895,0.359340725926091,g1+
s__Actinomyces_sp._S6_Spd3,s__Prevotella_jejuni,92,58,0.380543279135875,0.251243621507002,0.129299657628873,0.401295994220383,g1+
s__Actinomyces_sp._S6_Spd3,s__Prevotella_nanceiensis,88,60,0.327612219847848,0.0174398608641071,0.310172358983741,0.0594280925281645,g1+
s__Actinomyces_sp._S6_Spd3,s__Prevotella_pallens,94,59,0.36915148463196,0.125867996679933,0.243283487952027,0.124502802699677,g1+
s__Actinomyces_sp._S6_Spd3,s__Prevotella_salivae,92,59,0.420379872559455,0.172074054995193,0.248305817564262,0.107734539578626,g1+
s__Actinomyces_sp._S6_Spd3,s__Prevotella_sp._oral_taxon_306,84,57,0.416820839554143,0.137779957944775,0.279040881609367,0.0823705794789316,g1+
s__Actinomyces_sp._S6_Spd3,s__Prevotella_vespertina,85,55,0.405645038220421,0.192103956990702,0.213541081229719,0.18334575825697,g1+
s__Actinomyces_sp._S6_Spd3,s__Rothia_sp._HMSC062F03,90,58,0.244830486155088,0.301044397224905,0.0562139110698175,0.724301330010682,g2+
s__Actinomyces_sp._S6_Spd3,s__Schaalia_odontolytica,96,61,0.423922098299408,0.479760939620681,0.0558388413212734,0.674756376656401,g2+
s__Actinomyces_sp._S6_Spd3,s__Schaalia_sp._ORNL0103,96,61,0.378031440253834,0.319267478366797,0.0587639618870371,0.68913926966977,g1+
s__Actinomyces_sp._S6_Spd3,s__Solobacterium_moorei,76,53,0.453849705812658,0.392415346879565,0.0614343589330929,0.683318115475797,g1+
s__Actinomyces_sp._S6_Spd3,s__Streptococcus_parasanguinis,96,61,0.110632300779692,0.343400948026884,0.232768647247192,0.140104108393101,g2+
s__Actinomyces_sp._S6_Spd3,s__Streptococcus_pneumoniae,96,61,-0.257250444444332,-0.306290881150985,0.0490404367066525,0.750124803642816,g2-
s__Actinomyces_sp._S6_Spd3,s__Streptococcus_sp._HSISS2,91,60,0.0139788554045829,0.379776262537625,0.365797407133042,0.0232545982088244,g2+
s__Actinomyces_sp._S6_Spd3,s__Veillonella_atypica,96,61,0.283969154460839,0.339410595646709,0.0554414411858697,0.713495140656528,g2+
s__Actinomyces_sp._S6_Spd3,s__Veillonella_dispar,96,61,0.307231078914595,0.281596740503296,0.0256343384112994,0.866768007202367,g1+
s__Actinomyces_sp._S6_Spd3,s__Veillonella_sp._CLA_AA_H247,95,61,0.282901018432989,0.350573822716665,0.0676728042836756,0.653498796769083,g2+
s__Aggregatibacter_segnis,s__Aggregatibacter_sp._2125159857,107,47,0.620436412308339,0.640916202414227,0.0204797901058876,0.84999293592226,g2+
s__Aggregatibacter_segnis,s__Aggregatibacter_sp._oral_taxon_458,110,47,0.59761199037285,0.697055885429682,0.0994438950568324,0.336491435096852,g2+
s__Aggregatibacter_segnis,s__Alloprevotella_sp._oral_taxon_473,99,49,0.215549415005475,0.418384050677656,0.202834635672181,0.206056556489916,g2+
s__Aggregatibacter_segnis,s__Gemella_haemolysans,125,59,0.105222032673534,0.342110907992909,0.236888875319375,0.120134266494972,g2+
s__Aggregatibacter_segnis,s__Gemella_morbillorum,123,56,0.170447909167198,0.341333599459952,0.170885690292754,0.265947106377096,g2+
s__Aggregatibacter_segnis,s__Haemophilus_haemolyticus,126,61,0.423562110237562,0.504921176190838,0.0813590659532764,0.514356103906294,g2+
s__Aggregatibacter_segnis,s__Haemophilus_influenzae,125,61,0.312184729150594,0.399593015000917,0.0874082858503232,0.529845737973471,g2+
s__Aggregatibacter_segnis,s__Haemophilus_paraphrohaemolyticus,110,51,0.288748046930142,0.337192167419024,0.0484441204888814,0.757140743720345,g2+
s__Aggregatibacter_segnis,s__Haemophilus_sp._Marseille_Q0026,99,45,0.30978578522347,-0.0197323888050923,0.329518174028562,0.0660564525282725,g1+
s__Aggregatibacter_segnis,s__Haemophilus_sputorum,123,60,0.304421231947522,0.333259387416249,0.0288381554687274,0.84180928460697,g2+
s__Aggregatibacter_segnis,s__Lachnoanaerobaculum_orale,78,38,-0.311884382561239,-0.228326693790476,0.0835576887707627,0.659451756072554,g1-
s__Aggregatibacter_segnis,s__Lachnoanaerobaculum_sp._ICM7,72,32,-0.100093916165431,-0.339204340541359,0.239110424375928,0.253390862236543,g2-
s__Aggregatibacter_segnis,s__Leptotrichia_sp._oral_taxon_215,97,40,-0.249134623422143,-0.45587974105107,0.206745117628927,0.220837131465603,g2-
s__Aggregatibacter_segnis,s__Neisseria_flavescens,119,59,0.246974993291016,0.368955976931114,0.121980983640098,0.406651351003324,g2+
s__Aggregatibacter_segnis,s__Neisseria_meningitidis,124,59,0.334251797724612,0.294389115571469,0.0398626821531431,0.784285555625212,g1+
s__Aggregatibacter_segnis,s__Neisseria_sicca,124,60,0.339319190493922,0.292930720803088,0.0463884696908342,0.748279691595434,g1+
s__Aggregatibacter_segnis,s__Neisseria_subflava,119,58,0.228031360084042,0.398339090980615,0.170307730896573,0.246914595041795,g2+
s__Aggregatibacter_segnis,s__Streptococcus_anginosus,126,61,-0.123781958302474,0.301645631259789,0.425427589562263,0.00622534698454724,g2+
s__Aggregatibacter_segnis,s__Streptococcus_infantis,126,61,-0.307351142045132,-0.0955744310294276,0.211776711015705,0.163871234918094,g1-
s__Aggregatibacter_segnis,s__Streptococcus_sp._HMSC034E03,126,61,-0.306287344659346,-0.194359773527298,0.111927571132048,0.452816480709554,g1-
s__Aggregatibacter_segnis,s__Streptococcus_sp._HMSC056C01,126,61,-0.353212023858094,-0.111129370704862,0.242082653153232,0.105937846149681,g1-
s__Aggregatibacter_segnis,s__Streptococcus_sp._HMSC074B11,126,61,-0.342043175340402,-0.107063981688527,0.234979193651875,0.118100647934187,g1-
s__Aggregatibacter_segnis,s__Streptococcus_sp._M334,125,61,0.142020784515388,0.336566349843147,0.194545565327759,0.193844840306845,g2+
s__Aggregatibacter_segnis,s__Streptococcus_sp._SK140,126,61,-0.358577703822298,-0.103428107666041,0.255149596156257,0.0883421626238983,g1-
s__Aggregatibacter_segnis,s__Veillonella_dispar,126,60,-0.183602867311846,-0.319210943989656,0.13560807667781,0.36529808822461,g2-
s__Aggregatibacter_sp._2125159857,s__Aggregatibacter_sp._oral_taxon_458,104,45,0.868031055066825,0.827286649439331,0.0407444056274947,0.427899766019052,g1+
s__Aggregatibacter_sp._2125159857,s__Fusobacterium_periodonticum,91,41,-0.0353361196348785,-0.4294686665603,0.394132546925422,0.0289797436145625,g2-
s__Aggregatibacter_sp._2125159857,s__Gemella_haemolysans,109,50,0.0171738796226445,0.309716608549333,0.292542728926689,0.0837488681489895,g2+
s__Aggregatibacter_sp._2125159857,s__Haemophilus_influenzae,108,50,0.204873142340778,0.344696882898987,0.139823740558209,0.387692225439686,g2+
s__Aggregatibacter_sp._2125159857,s__Leptotrichia_sp._oral_taxon_215,85,36,-0.285780634045408,-0.434849706627933,0.149069072582525,0.40437257135316,g2-
s__Aggregatibacter_sp._2125159857,s__Leptotrichia_sp._oral_taxon_218,69,35,-0.157274571343664,-0.351889024962643,0.19461445361898,0.331909054033948,g2-
s__Aggregatibacter_sp._2125159857,s__Solobacterium_moorei,71,39,-0.308332460762874,-0.0548864568870443,0.25344600387583,0.200661302270942,g1-
s__Aggregatibacter_sp._2125159857,s__Streptococcus_cristatus,109,50,0.188650040773604,0.48925728743524,0.300607246661636,0.0495521777494468,g2+
s__Aggregatibacter_sp._2125159857,s__Streptococcus_gordonii,109,50,0.093876619149837,0.310946547760854,0.217069928611017,0.194342252794339,g2+
s__Aggregatibacter_sp._2125159857,s__Streptococcus_infantis,109,50,-0.345801754211793,0.0370799105347201,0.382881664746513,0.0232215080056961,g1-
s__Aggregatibacter_sp._2125159857,s__Streptococcus_oralis,109,50,0.146050459867149,0.39475244911765,0.248701989250501,0.122951275746832,g2+
s__Aggregatibacter_sp._2125159857,s__Streptococcus_sp._HMSC034E03,109,50,-0.321192681782392,-0.0185163263287039,0.302676355453688,0.0727496751683736,g1-
s__Aggregatibacter_sp._2125159857,s__Streptococcus_sp._HMSC074B11,109,50,-0.333567929798898,0.0963164875590973,0.429884417357995,0.0113904019477533,g1-
s__Aggregatibacter_sp._2125159857,s__Streptococcus_sp._M334,108,50,0.104040590824962,0.338574122750378,0.234533531925417,0.157520748874642,g2+
s__Aggregatibacter_sp._2125159857,s__Streptococcus_sp._oral_taxon_431,109,50,-0.31612664649482,0.0319457568875248,0.348072403382345,0.0403401284716065,g1-
s__Aggregatibacter_sp._oral_taxon_458,s__Fusobacterium_periodonticum,95,40,0.0320803796448723,-0.323811061676428,0.355891441321301,0.0587147270994879,g2-
s__Aggregatibacter_sp._oral_taxon_458,s__Gemella_morbillorum,110,46,0.149032424862134,0.302720343340492,0.153687918478359,0.368539778442873,g2+
s__Aggregatibacter_sp._oral_taxon_458,s__Gemella_sanguinis,111,49,-0.16268953593307,-0.322430352030661,0.159740816097591,0.333670518791944,g2-
s__Aggregatibacter_sp._oral_taxon_458,s__Haemophilus_haemolyticus,111,49,0.258505833101514,0.30688742599684,0.0483815928953252,0.765130814775442,g2+
s__Aggregatibacter_sp._oral_taxon_458,s__Haemophilus_influenzae,111,49,0.204071557994783,0.363208540722623,0.15913698272784,0.324130304233784,g2+
s__Aggregatibacter_sp._oral_taxon_458,s__Leptotrichia_sp._oral_taxon_215,85,35,-0.201490460491291,-0.406583644422029,0.205093183930738,0.2756460841301,g2-
s__Aggregatibacter_sp._oral_taxon_458,s__Solobacterium_moorei,73,36,-0.324293491938148,0.052317788252039,0.376611280190187,0.0655820432502394,g1-
s__Aggregatibacter_sp._oral_taxon_458,s__Streptococcus_cristatus,112,49,0.139338468611714,0.415274237045884,0.27593576843417,0.0861557335289056,g2+
s__Aggregatibacter_sp._oral_taxon_458,s__Streptococcus_infantis,112,49,-0.366288603946614,-0.023566962031228,0.342721641915386,0.0402962060553038,g1-
s__Aggregatibacter_sp._oral_taxon_458,s__Streptococcus_sp._HMSC034E03,112,49,-0.35154754792824,-0.00906043079109375,0.342487117137146,0.0416512082874672,g1-
s__Aggregatibacter_sp._oral_taxon_458,s__Streptococcus_sp._HMSC056C01,112,48,-0.300887323983682,0.11303361348182,0.413920937465502,0.0167121596667188,g1-
s__Aggregatibacter_sp._oral_taxon_458,s__Streptococcus_sp._HMSC074B11,112,49,-0.372284354688113,0.074027520446819,0.446311875134932,0.008143603413578,g1-
s__Aggregatibacter_sp._oral_taxon_458,s__Streptococcus_sp._Marseille_Q6470,110,47,-0.304168299906615,-0.0742172871127131,0.229951012793902,0.180658717997664,g1-
s__Aggregatibacter_sp._oral_taxon_458,s__Streptococcus_sp._oral_taxon_061,110,47,-0.301549027620447,-0.0781571180629497,0.223391909557498,0.193429852319189,g1-
s__Aggregatibacter_sp._oral_taxon_458,s__Streptococcus_sp._oral_taxon_431,112,49,-0.361650802067953,-0.0562805570947397,0.305370244973214,0.0666659734891619,g1-
s__Aggregatibacter_sp._oral_taxon_458,s__Streptococcus_sp._SK140,112,48,-0.323852314248618,0.108550490690294,0.432402804938912,0.0120391731265508,g1-
s__Alloprevotella_rava,s__Alloprevotella_tannerae,83,48,0.404144657531744,0.40654129116343,0.00239663363168591,0.98772073495794,g2+
s__Alloprevotella_rava,s__Campylobacter_concisus,80,49,0.427693043428862,0.25082632890805,0.176866714520811,0.281295748701505,g1+
s__Alloprevotella_rava,s__Gemella_sanguinis,89,53,-0.318661075033962,-0.248486765724515,0.0701743093094467,0.667667788453969,g1-
s__Alloprevotella_rava,s__Granulicatella_adiacens,88,51,-0.437762716393076,-0.20589907068072,0.231863645712357,0.148954773394818,g1-
s__Alloprevotella_rava,s__Granulicatella_sp._HMSC30F09,87,49,-0.449842910378491,-0.237843754972456,0.211999155406035,0.187020739556581,g1-
s__Alloprevotella_rava,s__Leptotrichia_sp._oral_taxon_218,66,43,0.361438830558326,0.241783063182391,0.119655767375935,0.514217391803374,g1+
s__Alloprevotella_rava,s__Leptotrichia_sp._oral_taxon_221,75,43,0.333572038516662,0.334752755252458,0.00118071673579578,0.994622346742835,g2+
s__Alloprevotella_rava,s__Leptotrichia_sp._oral_taxon_417,69,47,0.317709037815146,0.447993353940089,0.130284316124943,0.431521280163454,g2+
s__Alloprevotella_rava,s__Leptotrichia_wadei,83,47,0.261950051067192,0.393222108922987,0.131272057855795,0.432238931880276,g2+
s__Alloprevotella_rava,s__Megasphaera_micronuciformis,71,39,0.412170278032589,0.303851879885852,0.108318398146737,0.545936718108408,g1+
s__Alloprevotella_rava,s__Mogibacterium_diversum,64,41,0.388682563505455,0.0958676859567472,0.292814877548708,0.128562333278826,g1+
s__Alloprevotella_rava,s__Prevotella_histicola,84,53,0.345284087935126,0.369486066429891,0.024201978494765,0.877383988933705,g2+
s__Alloprevotella_rava,s__Prevotella_intermedia,86,52,0.444315970812792,0.429968799628404,0.0143471711843886,0.921571328262631,g1+
s__Alloprevotella_rava,s__Prevotella_jejuni,84,52,0.449943264112482,0.478559550200168,0.0286162860876855,0.840231532578747,g2+
s__Alloprevotella_rava,s__Prevotella_melaninogenica,89,53,0.336593810373511,0.368159439079726,0.0315656287062151,0.839380527602732,g2+
s__Alloprevotella_rava,s__Prevotella_nanceiensis,82,53,0.294779665796151,0.348845730376535,0.0540660645803838,0.738475253324332,g2+
s__Alloprevotella_rava,s__Prevotella_pallens,85,52,0.468004150598766,0.529840971385972,0.0618368207872052,0.648090244498221,g2+
s__Alloprevotella_rava,s__Prevotella_salivae,86,52,0.478110376663116,0.578771547430988,0.100661170767872,0.436831084108221,g2+
s__Alloprevotella_rava,s__Prevotella_sp._oral_taxon_306,76,49,0.42553227541415,0.503111361882169,0.0775790864680191,0.598829602898782,g2+
s__Alloprevotella_rava,s__Prevotella_vespertina,77,48,0.433582540122405,0.491221382372005,0.0576388422495999,0.697931764381883,g2+
s__Alloprevotella_rava,s__Rothia_sp._HMSC062F03,79,51,-0.250368224282436,-0.310459205239162,0.0600909809567258,0.723412299651174,g2-
s__Alloprevotella_rava,s__Rothia_sp._P3C3_S176,87,51,-0.174818317550082,-0.448542822072233,0.273724504522151,0.0905437319795568,g2-
s__Alloprevotella_rava,s__Streptococcus_anginosus,89,53,-0.226714181343091,-0.326002200231903,0.0992880188888115,0.54506322445962,g2-
s__Alloprevotella_rava,s__Streptococcus_australis,89,53,-0.302813949531399,-0.324884218087432,0.0220702685560329,0.890502218949086,g2-
s__Alloprevotella_rava,s__Streptococcus_infantis,89,53,-0.338685104994534,-0.346946987572501,0.00826188257796673,0.958015971140132,g2-
s__Alloprevotella_rava,s__Streptococcus_oralis,89,53,-0.270716515076635,-0.344094974667553,0.0733784595909183,0.64840157070753,g2-
s__Alloprevotella_rava,s__Streptococcus_rubneri,88,53,-0.329290693040055,-0.306805329378288,0.0224853636617668,0.88836824935204,g1-
s__Alloprevotella_rava,s__Streptococcus_sp._1001283B150225_161107_H12,87,50,-0.317158875322685,-0.206338994323942,0.110819880998743,0.513078051582445,g1-
s__Alloprevotella_rava,s__Streptococcus_sp._263_SSPC,89,53,-0.455016482264234,-0.324912166439311,0.130104315824923,0.38689834467101,g1-
s__Alloprevotella_rava,s__Streptococcus_sp._A12,88,50,-0.338468163761538,-0.15127054389182,0.187197619869718,0.27140146397331,g1-
s__Alloprevotella_rava,s__Streptococcus_sp._F0442,88,53,-0.323248977561973,-0.227593325187953,0.0956556523740199,0.560970209093478,g1-
s__Alloprevotella_rava,s__Streptococcus_sp._HMSC056C01,89,52,-0.366605184345045,-0.156540926047515,0.21006425829753,0.205392685163632,g1-
s__Alloprevotella_rava,s__Streptococcus_sp._HMSC061D10,89,53,-0.315253826665989,-0.285228162553365,0.0300256641126238,0.852772812985134,g1-
s__Alloprevotella_rava,s__Streptococcus_sp._HMSC062D07,87,53,-0.331290370705762,-0.385582433825885,0.0542920631201228,0.727150314161663,g2-
s__Alloprevotella_rava,s__Streptococcus_sp._HMSC067H01,89,53,-0.310021264348442,-0.355877270275522,0.0458560059270801,0.771755514001957,g2-
s__Alloprevotella_rava,s__Streptococcus_sp._HMSC074B11,89,53,-0.309134540922038,-0.355659427185999,0.0465248862639613,0.768611608766851,g2-
s__Alloprevotella_rava,s__Streptococcus_sp._HPH0090,89,53,-0.310384343925571,-0.294441170997491,0.0159431729280801,0.921396422483375,g1-
s__Alloprevotella_rava,s__Streptococcus_sp._Marseille_Q0941,89,53,-0.341355280333593,-0.322145422692617,0.0192098576409755,0.903389468565659,g1-
s__Alloprevotella_rava,s__Streptococcus_sp._Marseille_Q4154,88,53,-0.360037528926861,-0.359051714488957,0.000985814437903798,0.994931521402405,g1-
s__Alloprevotella_rava,s__Streptococcus_sp._oral_taxon_431,89,53,-0.358958811393711,-0.389776040424574,0.0308172290308623,0.840261496615291,g2-
s__Alloprevotella_rava,s__Streptococcus_sp._SK140,89,52,-0.348173671558838,-0.229386905885589,0.118786765673249,0.468257576200776,g1-
s__Alloprevotella_rava,s__Veillonella_atypica,89,53,0.265134981345086,0.335359608985977,0.0702246276408909,0.664093811982954,g2+
s__Alloprevotella_rava,s__Veillonella_tobetsuensis,88,52,0.227150912189155,0.351959725300895,0.12480881311174,0.446668824831213,g2+
s__Alloprevotella_sp._oral_taxon_473,s__Fusobacterium_periodonticum,86,45,0.25212716392385,0.320176877097116,0.0680497131732652,0.695325697222979,g2+
s__Alloprevotella_sp._oral_taxon_473,s__Fusobacterium_pseudoperiodonticum,91,50,0.289731703406701,0.324986443472247,0.0352547400655464,0.829353909473859,g2+
s__Alloprevotella_sp._oral_taxon_473,s__Gemella_haemolysans,104,56,0.139952867307456,0.326799213750904,0.186846346443448,0.242203551041993,g2+
s__Alloprevotella_sp._oral_taxon_473,s__Haemophilus_haemolyticus,102,57,0.132807073685403,0.417797390147984,0.284990316462581,0.0656416794312698,g2+
s__Alloprevotella_sp._oral_taxon_473,s__Haemophilus_sputorum,100,57,0.123207357836954,0.371843855209083,0.248636497372129,0.116198505849223,g2+
s__Alloprevotella_sp._oral_taxon_473,s__Neisseria_flavescens,98,54,0.191545288745645,0.438150966386647,0.246605677641002,0.111850168634592,g2+
s__Alloprevotella_sp._oral_taxon_473,s__Neisseria_meningitidis,101,56,0.277516543916848,0.3575607218215,0.0800441779046522,0.601289902793116,g2+
s__Alloprevotella_sp._oral_taxon_473,s__Neisseria_mucosa,101,56,0.351381061054177,0.276244590796768,0.0751364702574092,0.624718592576593,g1+
s__Alloprevotella_sp._oral_taxon_473,s__Neisseria_sp._HMSC071A01,96,53,0.219148119538956,0.331114727263845,0.11196660772489,0.489057459182262,g2+
s__Alloprevotella_sp._oral_taxon_473,s__Neisseria_subflava,98,54,0.190706142890602,0.450041659257099,0.259335516366497,0.0929032934458343,g2+
s__Alloprevotella_sp._oral_taxon_473,s__Porphyromonas_bobii,84,47,0.335607742626396,0.0620066759255468,0.27360106670085,0.125339824173676,g1+
s__Alloprevotella_sp._oral_taxon_473,s__Porphyromonas_pasteri,82,48,0.301340735779494,0.0739396138842831,0.227401121895211,0.204600691830426,g1+
s__Alloprevotella_sp._oral_taxon_473,s__Porphyromonas_somerae,88,47,0.302098793750728,0.0963287845255197,0.205770009225208,0.246567045196888,g1+
s__Alloprevotella_sp._oral_taxon_473,s__Porphyromonas_sp._oral_taxon_279,88,47,0.352311667904644,0.0860711175546428,0.266240550350001,0.129187212494868,g1+
s__Alloprevotella_sp._oral_taxon_473,s__Prevotella_nanceiensis,93,55,0.383415391655403,0.129565576569787,0.253849815085616,0.116038283353525,g1+
s__Alloprevotella_sp._oral_taxon_473,s__Streptococcus_parasanguinis,104,57,-0.249535162659138,-0.44290958270322,0.193374420044082,0.190021934806286,g2-
s__Alloprevotella_sp._oral_taxon_473,s__Streptococcus_salivarius,104,57,-0.191662408025087,-0.423633714563861,0.231971306538775,0.125839014223306,g2-
s__Alloprevotella_sp._oral_taxon_473,s__Streptococcus_sanguinis,104,57,-0.25552553782212,-0.335435082313263,0.0799095444911434,0.603219072169116,g2-
s__Alloprevotella_sp._oral_taxon_473,s__Streptococcus_sp._HMSC034E03,104,57,-0.321492551842594,-0.13227039199575,0.189222159846844,0.23486430163116,g1-
s__Alloprevotella_sp._oral_taxon_473,s__Streptococcus_sp._HSISS2,100,54,-0.164110534463587,-0.330248821879468,0.166138287415881,0.304791750053935,g2-
s__Alloprevotella_sp._oral_taxon_473,s__Veillonella_dispar,103,56,-4.14014728575e-05,-0.365182124482772,0.365140723009914,0.0242540681214258,g2-
s__Alloprevotella_sp._oral_taxon_473,s__Veillonella_nakazawae,100,56,0.0446458016765868,-0.364389035178763,0.40903483685535,0.0125058409926975,g2-
s__Alloprevotella_sp._oral_taxon_473,s__Veillonella_sp._CLA_AA_H247,97,54,-0.0779933957850679,-0.388361203034864,0.310367807249796,0.0564742442678137,g2-
s__Alloprevotella_tannerae,s__Fusobacterium_nucleatum,114,61,0.400485482439833,0.255421809955528,0.145063672484304,0.314324516818536,g1+
s__Alloprevotella_tannerae,s__Fusobacterium_periodonticum,99,50,0.319027109135808,0.0854015453282266,0.233625563807581,0.168839504862385,g1+
s__Alloprevotella_tannerae,s__Fusobacterium_pseudoperiodonticum,101,54,0.30782877703192,0.0308797255504988,0.276949051481422,0.0961735790598912,g1+
s__Alloprevotella_tannerae,s__Leptotrichia_wadei,101,56,0.213084091751045,0.305340356148352,0.0922562643973066,0.561496886564376,g2+
s__Alloprevotella_tannerae,s__Parvimonas_micra,100,57,0.425621304962113,0.143516793023184,0.282104511938928,0.0678586377804273,g1+
s__Alloprevotella_tannerae,s__Peptostreptococcus_stomatis,89,47,0.302696770904877,0.2636497141563,0.0390470567485774,0.818812293608103,g1+
s__Alloprevotella_tannerae,s__Prevotella_intermedia,112,63,0.497286980049019,0.56635042015796,0.0690634401089403,0.548558725583061,g2+
s__Alloprevotella_tannerae,s__Prevotella_nanceiensis,102,62,0.221791976882963,0.393455808254632,0.171663831371668,0.247145101704748,g2+
s__Alloprevotella_tannerae,s__Prevotella_pallens,106,60,0.294534639295569,0.315883927591539,0.0213492882959699,0.886592758929456,g2+
s__Alloprevotella_tannerae,s__Prevotella_salivae,108,61,0.242838622510632,0.376547453451254,0.133708830940623,0.364871419368106,g2+
s__Alloprevotella_tannerae,s__Rothia_aeria,115,60,-0.154215254845134,-0.322217437953681,0.168002183108547,0.272162917949345,g2-
s__Alloprevotella_tannerae,s__Rothia_dentocariosa,112,61,-0.14038035881137,-0.371545165320492,0.231164806509122,0.125664491913489,g2-
s__Alloprevotella_tannerae,s__Rothia_mucilaginosa,116,64,-0.225701016885327,-0.31625013411253,0.0905491172272034,0.538104014937531,g2-
s__Alloprevotella_tannerae,s__Rothia_sp._HMSC072B04,116,63,-0.216292942176437,-0.388653327862757,0.17236038568632,0.233159949229002,g2-
s__Alloprevotella_tannerae,s__Rothia_sp._P3C3_S176,115,62,-0.123869239707332,-0.464905990839058,0.341036751131726,0.0184593036315268,g2-
s__Alloprevotella_tannerae,s__Streptococcus_sp._HMSC034E03,116,64,-0.348013992931813,-0.137822959608831,0.210191033322982,0.157695518902833,g1-
s__Alloprevotella_tannerae,s__Streptococcus_sp._HMSC061D10,116,64,-0.291918171945586,-0.335308715557743,0.0433905436121579,0.761914203863549,g2-
s__Alloprevotella_tannerae,s__Streptococcus_sp._HMSC074B11,115,64,-0.288411076153846,-0.382721801905288,0.0943107257514419,0.503675439872405,g2-
s__Alloprevotella_tannerae,s__Streptococcus_sp._oral_taxon_061,113,61,-0.189678939794094,-0.313993204554699,0.124314264760605,0.412560884280121,g2-
s__Campylobacter_concisus,s__Candidatus_Nanosynbacter_sp._TM7_008,84,52,0.130813293772653,0.319675956297376,0.188862662524723,0.269792715501937,g2+
s__Campylobacter_concisus,s__Lachnoanaerobaculum_orale,85,49,0.249776460122415,0.38841731019443,0.138640850072016,0.400841761678746,g2+
s__Campylobacter_concisus,s__Lachnoanaerobaculum_saburreum,102,56,0.379197938597361,0.479975686399132,0.100777747801771,0.466891955771451,g2+
s__Campylobacter_concisus,s__Lachnoanaerobaculum_sp._ICM7,76,42,0.390664022287264,0.257334520424084,0.133329501863179,0.451510843667949,g1+
s__Campylobacter_concisus,s__Leptotrichia_sp._oral_taxon_218,82,47,0.378705841454981,0.219043638477974,0.159662202977008,0.349751460593572,g1+
s__Campylobacter_concisus,s__Leptotrichia_sp._oral_taxon_221,94,51,0.504552251298747,0.455600700697296,0.0489515506014506,0.721241626242657,g1+
s__Campylobacter_concisus,s__Leptotrichia_sp._oral_taxon_417,88,55,0.444351839941141,0.418303756433756,0.0260480835073852,0.855743164737617,g1+
s__Campylobacter_concisus,s__Leptotrichia_wadei,102,59,0.491439277899088,0.369912202736753,0.121527075162336,0.370836440779823,g1+
s__Campylobacter_concisus,s__Megasphaera_micronuciformis,89,49,0.306131499281072,0.255305585892869,0.050825913388203,0.762544350284021,g1+
s__Campylobacter_concisus,s__Oribacterium_sinus,103,54,0.347840623710018,0.487531364519313,0.139690740809295,0.323644290077127,g2+
s__Campylobacter_concisus,s__Prevotella_histicola,114,63,0.332666556979207,0.388259290159396,0.055592733180189,0.689935669780426,g2+
s__Campylobacter_concisus,s__Prevotella_jejuni,110,60,0.341398271008422,0.416161253031272,0.0747629820228503,0.594185335229395,g2+
s__Campylobacter_concisus,s__Prevotella_melaninogenica,116,64,0.321966409247583,0.164053607700414,0.157912801547169,0.28949835687422,g1+
s__Campylobacter_concisus,s__Prevotella_pallens,111,61,0.480990694661763,0.349191610051968,0.131799084609795,0.326434043821597,g1+
s__Campylobacter_concisus,s__Prevotella_salivae,110,62,0.408802716931151,0.312103458333746,0.0966992585974048,0.492484266848497,g1+
s__Campylobacter_concisus,s__Prevotella_sp._oral_taxon_306,96,61,0.336760437132408,0.405098491806439,0.0683380546740307,0.635532383163377,g2+
s__Campylobacter_concisus,s__Prevotella_vespertina,99,57,0.363844248492279,0.331429361590119,0.03241488690216,0.828373221799844,g1+
s__Campylobacter_concisus,s__Rothia_sp._HMSC062F03,109,61,-0.146971490245898,-0.314007387143625,0.167035896897727,0.278646992393117,g2-
s__Campylobacter_concisus,s__Rothia_sp._HMSC072E10,111,60,-0.136533745440223,-0.314620813464512,0.178087068024288,0.25014430968726,g2-
s__Campylobacter_concisus,s__Rothia_sp._P3C3_S176,116,62,-0.140573948580423,-0.334324353489766,0.193750404909343,0.199268173420614,g2-
s__Campylobacter_concisus,s__Solobacterium_moorei,86,56,0.311206147129164,0.329637291967874,0.0184311448387101,0.907000464756669,g2+
s__Campylobacter_concisus,s__Streptococcus_mitis,119,65,-0.412989582932383,-0.450954825807166,0.0379652428747827,0.766642168338574,g2-
s__Campylobacter_concisus,s__Streptococcus_oralis,119,65,-0.391627092492155,-0.345813796520716,0.045813295971439,0.736009645096414,g1-
s__Campylobacter_concisus,s__Streptococcus_pneumoniae,119,65,-0.390071249919911,-0.335847015055347,0.054224234864564,0.691256399677168,g1-
s__Campylobacter_concisus,s__Streptococcus_pseudopneumoniae,118,65,-0.32316543422255,-0.418039075013995,0.0948736407914449,0.484542438902987,g2-
s__Campylobacter_concisus,s__Streptococcus_sp._HMSC056C01,116,64,-0.202689371154295,-0.315722851009108,0.113033479854814,0.444983516311214,g2-
s__Campylobacter_concisus,s__Streptococcus_sp._Marseille_Q0941,117,65,-0.233721093163694,-0.353134607138837,0.119413513975143,0.406810611817154,g2-
s__Campylobacter_concisus,s__Veillonella_atypica,119,65,0.315417834722335,0.282365792221413,0.0330520425009219,0.817519809649495,g1+
s__Campylobacter_concisus,s__Veillonella_tobetsuensis,116,64,0.29599807359574,0.31060017070474,0.0146020971090003,0.919375839612196,g2+
s__Candidatus_Nanosynbacter_sp._HMT_352,s__Candidatus_Nanosynbacter_sp._TM7_008,89,53,0.748992337032783,0.807597793738698,0.0586054567059144,0.400783467754903,g2+
s__Candidatus_Nanosynbacter_sp._HMT_352,s__Candidatus_Nanosynbacter_sp._TM7_053,89,55,0.759858968515331,0.829565220142829,0.0697062516274979,0.277263728037489,g2+
s__Candidatus_Nanosynbacter_sp._HMT_352,s__Candidatus_Nanosynbacter_sp._TM7_057,88,52,0.70523640768231,0.686694988868072,0.018541418814238,0.841068296977664,g1+
s__Candidatus_Nanosynbacter_sp._HMT_352,s__Candidatus_Nanosynbacter_sp._TM7_075,89,50,0.73262886152575,0.662735049927616,0.0698938115981339,0.4510777988877,g1+
s__Candidatus_Nanosynbacter_sp._HMT_352,s__Candidatus_Nanosynbacter_sp._TM7_076,89,54,0.71167904364111,0.693057346165161,0.0186216974759489,0.835222081149491,g1+
s__Candidatus_Nanosynbacter_sp._HMT_352,s__Candidatus_Nanosynbacter_sp._TM7_087,89,53,0.760708737198012,0.753779490929586,0.00692924626842595,0.927220116568956,g1+
s__Candidatus_Nanosynbacter_sp._HMT_352,s__Haemophilus_haemolyticus,95,56,-0.361207939480862,-0.224660795658415,0.136547143822448,0.385291746104699,g1-
s__Candidatus_Nanosynbacter_sp._HMT_352,s__Haemophilus_influenzae,95,56,-0.320400650422772,-0.0901675962053887,0.230233054217383,0.161068338763224,g1-
s__Candidatus_Nanosynbacter_sp._HMT_352,s__Haemophilus_parahaemolyticus,89,52,-0.393285015487516,-0.0853961437115217,0.307888871775994,0.0651628151897281,g1-
s__Candidatus_Nanosynbacter_sp._HMT_352,s__Haemophilus_parainfluenzae,96,57,-0.394259038873629,-0.318454062447463,0.0758049764261656,0.611476425648443,g1-
s__Candidatus_Nanosynbacter_sp._HMT_352,s__Haemophilus_paraphrohaemolyticus,79,44,-0.358714222703489,0.0174932112205318,0.376207433924021,0.042596098765495,g1-
s__Candidatus_Nanosynbacter_sp._HMT_352,s__Haemophilus_sp._Marseille_Q0026,71,39,-0.313718120892635,0.0279797039208349,0.34169782481347,0.0870925405786667,g1-
s__Candidatus_Nanosynbacter_sp._HMT_352,s__Lachnoanaerobaculum_orale,76,44,0.242946392415343,0.305279119027671,0.0623327266123277,0.729722350197326,g2+
s__Candidatus_Nanosynbacter_sp._HMT_352,s__Lachnoanaerobaculum_saburreum,89,51,0.323577368560584,0.270830794601853,0.0527465739587312,0.748029705234329,g1+
s__Candidatus_Nanosynbacter_sp._HMT_352,s__Lancefieldella_parvula,90,54,0.441405261668982,0.132104327420692,0.30930093424829,0.0531007749371832,g1+
s__Candidatus_Nanosynbacter_sp._HMT_352,s__Neisseria_sicca,93,53,-0.377563731339265,-0.163744070745418,0.213819660593847,0.18843452267604,g1-
s__Candidatus_Nanosynbacter_sp._HMT_352,s__Neisseria_sp._oral_taxon_014,85,48,-0.30466430386592,-0.0670530258011325,0.237611278064788,0.182174084564383,g1-
s__Candidatus_Nanosynbacter_sp._HMT_352,s__Prevotella_jejuni,94,54,0.319650615064917,0.22584253557565,0.0938080794892674,0.561913158769368,g1+
s__Candidatus_Nanosynbacter_sp._HMT_352,s__Prevotella_pallens,93,55,0.304480716620587,0.21245985803002,0.0920208585905672,0.570950469600488,g1+
s__Candidatus_Nanosynbacter_sp._HMT_352,s__Prevotella_salivae,94,55,0.38716150250328,0.172455678174133,0.214705824329146,0.177795217566849,g1+
s__Candidatus_Nanosynbacter_sp._HMT_352,s__Schaalia_odontolytica,96,57,0.377884788465887,0.111019047526721,0.266865740939166,0.0944649022505548,g1+
s__Candidatus_Nanosynbacter_sp._HMT_352,s__Solobacterium_moorei,81,53,0.396396337529553,0.433203588324444,0.0368072507948909,0.806105054720727,g2+
s__Candidatus_Nanosynbacter_sp._HMT_352,s__Streptococcus_infantis,96,57,-0.113127463773868,-0.316528541792438,0.20340107801857,0.210637963132871,g2-
s__Candidatus_Nanosynbacter_sp._HMT_352,s__Streptococcus_sp._1001283B150225_161107_H12,93,53,-0.359403605298238,0.0457314764702099,0.405135081768448,0.0167425780032997,g1-
s__Candidatus_Nanosynbacter_sp._HMT_352,s__Streptococcus_sp._343_SSPC,94,52,-0.340683632771209,-0.072871072453855,0.267812560317354,0.111670529225842,g1-
s__Candidatus_Nanosynbacter_sp._HMT_352,s__Streptococcus_sp._HMSC062D07,95,57,-0.0938309384669429,-0.315600329479462,0.221769391012519,0.174752469523432,g2-
s__Candidatus_Nanosynbacter_sp._HMT_352,s__Streptococcus_sp._Marseille_Q0941,96,57,-0.181987572184421,-0.301106222662477,0.119118650478056,0.458971087176993,g2-
s__Candidatus_Nanosynbacter_sp._HMT_352,s__Streptococcus_sp._Marseille_Q4154,96,57,-0.150442760353667,-0.311574603820248,0.161131843466581,0.318424436150742,g2-
s__Candidatus_Nanosynbacter_sp._HMT_352,s__Streptococcus_sp._oral_taxon_431,96,57,-0.190832341457997,-0.313297042383123,0.122464700925126,0.443875728519218,g2-
s__Candidatus_Nanosynbacter_sp._HMT_352,s__Streptococcus_sp._XMC,95,56,-0.38698623015323,-0.0580191658744595,0.328967064278771,0.0422967158590832,g1-
s__Candidatus_Nanosynbacter_sp._TM7_008,s__Candidatus_Nanosynbacter_sp._TM7_053,87,53,0.747131844643238,0.834398604785184,0.0872667601419466,0.18639475151939,g2+
s__Candidatus_Nanosynbacter_sp._TM7_008,s__Candidatus_Nanosynbacter_sp._TM7_057,85,51,0.555672870302981,0.622410677802907,0.0667378074999262,0.573205156315791,g2+
s__Candidatus_Nanosynbacter_sp._TM7_008,s__Candidatus_Nanosynbacter_sp._TM7_075,87,49,0.723876377069559,0.751311309123539,0.0274349320539804,0.742683180258083,g2+
s__Candidatus_Nanosynbacter_sp._TM7_008,s__Candidatus_Nanosynbacter_sp._TM7_076,86,52,0.725214598780523,0.654012116084552,0.0712024826959707,0.449375920444945,g1+
s__Candidatus_Nanosynbacter_sp._TM7_008,s__Candidatus_Nanosynbacter_sp._TM7_087,86,52,0.643838911636955,0.75757252324074,0.113733611603785,0.210096950555377,g2+
s__Candidatus_Nanosynbacter_sp._TM7_008,s__Lachnoanaerobaculum_orale,74,42,0.225684719964237,0.350202828917355,0.124518108953118,0.494903380892683,g2+
s__Candidatus_Nanosynbacter_sp._TM7_008,s__Lancefieldella_parvula,84,52,0.491523974411934,0.144530829714629,0.346993144697306,0.0300945641639789,g1+
s__Candidatus_Nanosynbacter_sp._TM7_008,s__Leptotrichia_sp._oral_taxon_417,76,48,0.159976918651319,0.315751089193637,0.155774170542318,0.382376504800663,g2+
s__Candidatus_Nanosynbacter_sp._TM7_008,s__Megasphaera_micronuciformis,75,41,0.339798481476359,0.21970940452923,0.120089076947129,0.515106869422812,g1+
s__Candidatus_Nanosynbacter_sp._TM7_008,s__Prevotella_histicola,88,54,0.443360731439347,0.219885696251252,0.223475035188095,0.153391899889914,g1+
s__Candidatus_Nanosynbacter_sp._TM7_008,s__Prevotella_jejuni,87,51,0.380983220632046,0.199931143557244,0.181052077074802,0.272494273873936,g1+
s__Candidatus_Nanosynbacter_sp._TM7_008,s__Prevotella_pallens,87,52,0.349337150991444,0.187901248542078,0.161435902449366,0.331595717623135,g1+
s__Candidatus_Nanosynbacter_sp._TM7_008,s__Prevotella_salivae,88,52,0.468009238404176,0.182776909592656,0.28523232881152,0.0720353194565102,g1+
s__Candidatus_Nanosynbacter_sp._TM7_008,s__Prevotella_sp._oral_taxon_306,80,52,0.354096471960143,0.0969547699798548,0.257141701980288,0.135403562648199,g1+
s__Candidatus_Nanosynbacter_sp._TM7_008,s__Prevotella_vespertina,79,50,0.371491877419782,0.152226391669557,0.219265485750224,0.202046011803876,g1+
s__Candidatus_Nanosynbacter_sp._TM7_008,s__Solobacterium_moorei,78,51,0.315469002893825,0.370002797290275,0.0545337943964497,0.738045985718319,g2+
s__Candidatus_Nanosynbacter_sp._TM7_008,s__Streptococcus_australis,89,54,-0.463760393430814,-0.237703800317099,0.226056593113715,0.14163840822905,g1-
s__Candidatus_Nanosynbacter_sp._TM7_008,s__Streptococcus_infantis,89,54,-0.293127873871552,-0.429999964296151,0.136872090424599,0.371595736283722,g2-
s__Candidatus_Nanosynbacter_sp._TM7_008,s__Streptococcus_rubneri,89,54,-0.40360203509404,-0.228637702004267,0.174964333089773,0.269406795208055,g1-
s__Candidatus_Nanosynbacter_sp._TM7_008,s__Streptococcus_sp._1001283B150225_161107_H12,87,50,-0.518467564199932,0.0455563789538822,0.564023943153814,0.000667204876170002,g1-
s__Candidatus_Nanosynbacter_sp._TM7_008,s__Streptococcus_sp._343_SSPC,88,49,-0.520127577377066,-0.0639039166824303,0.456223660694636,0.00510939393166066,g1-
s__Candidatus_Nanosynbacter_sp._TM7_008,s__Streptococcus_sp._A12,88,51,-0.438810502102354,0.0016101628165665,0.440420664918921,0.00888944848553219,g1-
s__Candidatus_Nanosynbacter_sp._TM7_008,s__Streptococcus_sp._F0442,89,54,-0.337765540328004,-0.164757152090019,0.173008388237985,0.294441187783382,g1-
s__Candidatus_Nanosynbacter_sp._TM7_008,s__Streptococcus_sp._HMSC034E03,89,54,-0.232856471086378,-0.33107857939155,0.0982221083051719,0.545532342907721,g2-
s__Candidatus_Nanosynbacter_sp._TM7_008,s__Streptococcus_sp._HMSC061D10,89,54,-0.163507390490958,-0.315317724488678,0.15181033399772,0.360972784463807,g2-
s__Candidatus_Nanosynbacter_sp._TM7_008,s__Streptococcus_sp._HMSC062D07,88,54,-0.290065908483771,-0.411470864654438,0.121404956170666,0.433444556401904,g2-
s__Candidatus_Nanosynbacter_sp._TM7_008,s__Streptococcus_sp._HMSC067H01,89,54,-0.384062932884907,-0.264520936331521,0.119541996553386,0.448832307147789,g1-
s__Candidatus_Nanosynbacter_sp._TM7_008,s__Streptococcus_sp._HMSC074B11,89,54,-0.158318492742428,-0.326522123766185,0.168203631023757,0.3104257228904,g2-
s__Candidatus_Nanosynbacter_sp._TM7_008,s__Streptococcus_sp._HPH0090,89,54,-0.2340634174346,-0.366525846166686,0.132462428732086,0.409011161106057,g2-
s__Candidatus_Nanosynbacter_sp._TM7_008,s__Streptococcus_sp._Marseille_Q0941,89,54,-0.373410289985022,-0.392526632232525,0.0191163422475032,0.899129636212729,g2-
s__Candidatus_Nanosynbacter_sp._TM7_008,s__Streptococcus_sp._Marseille_Q3533,89,53,-0.372373117564442,-0.171458632595525,0.200914484968917,0.220258765599284,g1-
s__Candidatus_Nanosynbacter_sp._TM7_008,s__Streptococcus_sp._Marseille_Q4154,89,54,-0.342350217494732,-0.3562534738278,0.0139032563330683,0.928604058260322,g2-
s__Candidatus_Nanosynbacter_sp._TM7_008,s__Streptococcus_sp._Marseille_Q6470,89,53,-0.297024936081397,-0.341159804496299,0.0441348684149022,0.782260753165159,g2-
s__Candidatus_Nanosynbacter_sp._TM7_008,s__Streptococcus_sp._oral_taxon_061,89,53,-0.151125344556306,-0.308784599374225,0.15765925481792,0.347974787366303,g2-
s__Candidatus_Nanosynbacter_sp._TM7_008,s__Streptococcus_sp._oral_taxon_431,89,54,-0.363770203610103,-0.397230930437287,0.0334607268271842,0.824767588054503,g2-
s__Candidatus_Nanosynbacter_sp._TM7_008,s__Streptococcus_sp._XMC,89,53,-0.504005827625554,-0.102907361233035,0.40109846639252,0.0111443694270683,g1-
s__Candidatus_Nanosynbacter_sp._TM7_008,s__Streptococcus_timonensis,89,54,-0.346706844239718,-0.226388352248653,0.120318491991065,0.457477480000905,g1-
s__Candidatus_Nanosynbacter_sp._TM7_008,s__Veillonella_atypica,89,54,0.388997539465248,0.131228262436567,0.257769277028681,0.114905472773965,g1+
s__Candidatus_Nanosynbacter_sp._TM7_008,s__Veillonella_dispar,89,54,0.328831402526123,0.00743423207035076,0.321397170455772,0.0587191711657147,g1+
s__Candidatus_Nanosynbacter_sp._TM7_008,s__Veillonella_nakazawae,88,54,0.374876116134648,-0.00324241384073123,0.378118529975379,0.0248822117532721,g1+
s__Candidatus_Nanosynbacter_sp._TM7_008,s__Veillonella_sp._CLA_AA_H247,89,53,0.32841773622563,-0.0101753017733219,0.338593037998952,0.0482741187420836,g1+
s__Candidatus_Nanosynbacter_sp._TM7_053,s__Candidatus_Nanosynbacter_sp._TM7_057,87,52,0.660611291358136,0.748182180562983,0.0875708892048466,0.330523010499396,g2+
s__Candidatus_Nanosynbacter_sp._TM7_053,s__Candidatus_Nanosynbacter_sp._TM7_075,89,49,0.820110670329342,0.722566576312826,0.0975440940165158,0.181337950991536,g1+
s__Candidatus_Nanosynbacter_sp._TM7_053,s__Candidatus_Nanosynbacter_sp._TM7_076,87,53,0.721747244566976,0.734505123536648,0.0127578789696723,0.879150092144103,g2+
s__Candidatus_Nanosynbacter_sp._TM7_053,s__Candidatus_Nanosynbacter_sp._TM7_087,86,53,0.756471590935308,0.835834954800087,0.079363363864779,0.22062314281626,g2+
s__Candidatus_Nanosynbacter_sp._TM7_053,s__Haemophilus_parainfluenzae,92,55,-0.217439635151449,-0.342243507719534,0.124803872568085,0.43701951148858,g2-
s__Candidatus_Nanosynbacter_sp._TM7_053,s__Lancefieldella_parvula,86,53,0.488110239271851,0.0621048912888007,0.426005347983051,0.00845902571134172,g1+
s__Candidatus_Nanosynbacter_sp._TM7_053,s__Megasphaera_micronuciformis,77,42,0.318425038004024,0.0964468237534385,0.221978214250585,0.238697734388935,g1+
s__Candidatus_Nanosynbacter_sp._TM7_053,s__Prevotella_histicola,90,55,0.346194866299788,0.0727182621848539,0.273476604114934,0.100061144564896,g1+
s__Candidatus_Nanosynbacter_sp._TM7_053,s__Prevotella_jejuni,89,52,0.313155704292649,0.0990987577590636,0.214056946533585,0.209503883578639,g1+
s__Candidatus_Nanosynbacter_sp._TM7_053,s__Prevotella_pallens,89,53,0.349001815300657,0.0710821287814965,0.27791968651916,0.0993293140308551,g1+
s__Candidatus_Nanosynbacter_sp._TM7_053,s__Prevotella_salivae,91,53,0.413085217553705,0.0397255539086673,0.373359663645038,0.0240542330375577,g1+
s__Candidatus_Nanosynbacter_sp._TM7_053,s__Schaalia_odontolytica,92,55,0.383572085837298,0.099511297177999,0.284060788659299,0.0811698687741045,g1+
s__Candidatus_Nanosynbacter_sp._TM7_053,s__Solobacterium_moorei,78,52,0.315239596970578,0.304369442099444,0.0108701548711337,0.947807068915931,g1+
s__Candidatus_Nanosynbacter_sp._TM7_053,s__Streptococcus_australis,92,55,-0.344963783453125,-0.13066306491348,0.214300718539645,0.190885334633013,g1-
s__Candidatus_Nanosynbacter_sp._TM7_053,s__Streptococcus_sp._1001283B150225_161107_H12,90,51,-0.394928739234713,0.103445338863384,0.498374078098097,0.00372986838593703,g1-
s__Candidatus_Nanosynbacter_sp._TM7_053,s__Streptococcus_sp._343_SSPC,90,50,-0.405809259808459,-0.0288844991263011,0.376924760682158,0.0264896901276481,g1-
s__Candidatus_Nanosynbacter_sp._TM7_053,s__Streptococcus_sp._A12,91,52,-0.359616969508577,0.0356029415641118,0.395219911072689,0.0207906426159943,g1-
s__Candidatus_Nanosynbacter_sp._TM7_053,s__Streptococcus_sp._F0442,92,55,-0.303759158941057,-0.0847864809723122,0.218972677968745,0.190179678229804,g1-
s__Candidatus_Nanosynbacter_sp._TM7_053,s__Streptococcus_sp._HMSC062D07,91,55,-0.265812321268205,-0.300949641592553,0.0351373203243482,0.827071763769086,g2-
s__Candidatus_Nanosynbacter_sp._TM7_053,s__Streptococcus_sp._Marseille_Q0941,92,55,-0.318782552498212,-0.255327468284372,0.0634550842138401,0.691821544700456,g1-
s__Candidatus_Nanosynbacter_sp._TM7_053,s__Streptococcus_sp._Marseille_Q4154,92,55,-0.368236559033665,-0.246256699647107,0.121979859386558,0.4394118905264,g1-
s__Candidatus_Nanosynbacter_sp._TM7_053,s__Streptococcus_sp._oral_taxon_431,92,55,-0.311569753043851,-0.280551543535195,0.0310182095086568,0.845547005727862,g1-
s__Candidatus_Nanosynbacter_sp._TM7_053,s__Streptococcus_sp._XMC,92,54,-0.412177076683097,-0.0492906769143426,0.362886399768755,0.0268018468054096,g1-
s__Candidatus_Nanosynbacter_sp._TM7_053,s__Veillonella_atypica,92,55,0.361002393145161,-0.0132430843353325,0.374245477480494,0.0249809787113033,g1+
s__Candidatus_Nanosynbacter_sp._TM7_053,s__Veillonella_dispar,92,55,0.343827205969697,-0.0641398473427836,0.407967053312481,0.0154594338678891,g1+
s__Candidatus_Nanosynbacter_sp._TM7_053,s__Veillonella_nakazawae,91,55,0.386629102803649,-0.0785401532909645,0.465169256094613,0.00540954372517333,g1+
s__Candidatus_Nanosynbacter_sp._TM7_053,s__Veillonella_sp._CLA_AA_H247,92,54,0.322229561680255,-0.0958008479498723,0.418030409630127,0.0142969895571481,g1+
s__Candidatus_Nanosynbacter_sp._TM7_057,s__Candidatus_Nanosynbacter_sp._TM7_075,86,49,0.612303789089235,0.656232529887964,0.0439287407987288,0.688981506606761,g2+
s__Candidatus_Nanosynbacter_sp._TM7_057,s__Candidatus_Nanosynbacter_sp._TM7_076,86,52,0.621128367628364,0.75199464514105,0.130866277512687,0.164070377346195,g2+
s__Candidatus_Nanosynbacter_sp._TM7_057,s__Candidatus_Nanosynbacter_sp._TM7_087,86,51,0.739432202966662,0.713183767979294,0.0262484349873682,0.759167389924989,g1+
s__Candidatus_Nanosynbacter_sp._TM7_057,s__Lachnoanaerobaculum_saburreum,84,48,0.313752181022359,0.164026518156532,0.149725662865827,0.391912117442607,g1+
s__Candidatus_Nanosynbacter_sp._TM7_057,s__Lachnoanaerobaculum_sp._ICM7,69,38,0.308164571694352,0.0616382275903541,0.246526344103998,0.219403059721291,g1+
s__Candidatus_Nanosynbacter_sp._TM7_057,s__Lancefieldella_parvula,84,53,0.319908205576085,0.0458016128146539,0.274106592761431,0.112146995093212,g1+
s__Candidatus_Nanosynbacter_sp._TM7_057,s__Lautropia_mirabilis,75,42,-0.0478044701437053,0.300419935206289,0.348224405349994,0.0719053562256258,g2+
s__Candidatus_Nanosynbacter_sp._TM7_057,s__Neisseria_sicca,88,49,-0.326585405799411,-0.0203979365929762,0.306187469206435,0.0817536483578991,g1-
s__Candidatus_Nanosynbacter_sp._TM7_057,s__Peptostreptococcus_stomatis,73,42,0.310401049759168,-0.00664298678734736,0.317044036546515,0.101075167309607,g1+
s__Candidatus_Nanosynbacter_sp._TM7_057,s__Prevotella_pallens,88,53,0.312125649115654,0.0258820626601364,0.286243586455518,0.0956179233305905,g1+
s__Candidatus_Nanosynbacter_sp._TM7_057,s__Prevotella_salivae,90,53,0.317740573310052,0.126848400646955,0.190892172663097,0.255968498152155,g1+
s__Candidatus_Nanosynbacter_sp._TM7_057,s__Rothia_sp._HMSC062F03,84,52,0.0597129878038493,-0.38677943898387,0.44649242678772,0.00974452133284975,g2-
s__Candidatus_Nanosynbacter_sp._TM7_057,s__Solobacterium_moorei,75,50,0.305128554492136,0.2745442634138,0.0305842910783365,0.858665797418805,g1+
s__Candidatus_Nanosynbacter_sp._TM7_057,s__Streptococcus_cristatus,91,54,-0.115532424159149,-0.318811136900257,0.203278712741109,0.223396316800225,g2-
s__Candidatus_Nanosynbacter_sp._TM7_057,s__Streptococcus_gordonii,91,54,-0.322829938347076,-0.294690552377727,0.0281393859693498,0.859695028810515,g1-
s__Candidatus_Nanosynbacter_sp._TM7_057,s__Streptococcus_mitis,91,54,-0.312872866499039,-0.145041099763254,0.167831766735784,0.31274412310402,g1-
s__Candidatus_Nanosynbacter_sp._TM7_057,s__Streptococcus_oralis,91,54,-0.356210223259311,-0.258961532669341,0.0972486905899691,0.541141274142232,g1-
s__Candidatus_Nanosynbacter_sp._TM7_057,s__Streptococcus_parasanguinis,91,54,-0.0724539238634203,-0.418498976609597,0.346045052746176,0.0339117469394976,g2-
s__Candidatus_Nanosynbacter_sp._TM7_057,s__Streptococcus_sp._HPH0090,91,54,-0.183796740703933,-0.326302419714262,0.142505679010329,0.385337596516502,g2-
s__Candidatus_Nanosynbacter_sp._TM7_075,s__Candidatus_Nanosynbacter_sp._TM7_076,88,50,0.723744459345497,0.56066790033627,0.163076559009227,0.121260986032224,g1+
s__Candidatus_Nanosynbacter_sp._TM7_075,s__Candidatus_Nanosynbacter_sp._TM7_087,87,49,0.731310954721333,0.698076023015264,0.0332349317060685,0.710832669371901,g1+
s__Candidatus_Nanosynbacter_sp._TM7_075,s__Haemophilus_haemolyticus,93,49,-0.305575638251582,-0.278804756131825,0.0267708821197571,0.871694688476684,g1-
s__Candidatus_Nanosynbacter_sp._TM7_075,s__Haemophilus_parainfluenzae,94,50,-0.306524954868888,-0.243675151530464,0.062849803338424,0.704896506783184,g1-
s__Candidatus_Nanosynbacter_sp._TM7_075,s__Haemophilus_sputorum,90,49,-0.320444265521793,-0.164304861218111,0.156139404303682,0.361547882344834,g1-
s__Candidatus_Nanosynbacter_sp._TM7_075,s__Lancefieldella_parvula,88,49,0.501304870687358,-0.00140740047040691,0.502712271157765,0.00254272058169769,g1+
s__Candidatus_Nanosynbacter_sp._TM7_075,s__Leptotrichia_wadei,91,45,0.31938610714258,0.172646320968595,0.146739786173986,0.403807258102254,g1+
s__Candidatus_Nanosynbacter_sp._TM7_075,s__Neisseria_meningitidis,91,49,-0.350454025680104,-0.0958063181340348,0.254647707546069,0.138014980944025,g1-
s__Candidatus_Nanosynbacter_sp._TM7_075,s__Neisseria_sicca,91,46,-0.306033670982137,-0.0494184048654242,0.256615266116713,0.151740661645984,g1-
s__Candidatus_Nanosynbacter_sp._TM7_075,s__Neisseria_subflava,86,47,-0.30091914508092,-0.0479692881576877,0.252949856923232,0.159198662041175,g1-
s__Candidatus_Nanosynbacter_sp._TM7_075,s__Prevotella_histicola,92,50,0.315078326452268,0.0109232937745442,0.304155032677724,0.0804028167567052,g1+
s__Candidatus_Nanosynbacter_sp._TM7_075,s__Prevotella_pallens,92,50,0.333856365405643,0.0879681339709455,0.245888231434698,0.150943250962289,g1+
s__Candidatus_Nanosynbacter_sp._TM7_075,s__Prevotella_salivae,93,50,0.395393209512664,0.117648153535166,0.277745055977498,0.0955386751599172,g1+
s__Candidatus_Nanosynbacter_sp._TM7_075,s__Rothia_sp._HMSC062F03,86,49,0.208358637177462,-0.303045355245645,0.511403992423108,0.00433790322705474,g2-
s__Candidatus_Nanosynbacter_sp._TM7_075,s__Schaalia_odontolytica,94,50,0.454190137185095,0.00250816729392683,0.451681969891168,0.00665287733258046,g1+
s__Candidatus_Nanosynbacter_sp._TM7_075,s__Solobacterium_moorei,78,48,0.229042098315486,0.327549330243365,0.0985072319278787,0.570758368036399,g2+
s__Candidatus_Nanosynbacter_sp._TM7_075,s__Streptococcus_australis,94,50,-0.309522688330349,-0.0408794598552195,0.26864322847513,0.120216400618515,g1-
s__Candidatus_Nanosynbacter_sp._TM7_075,s__Streptococcus_infantis,94,50,-0.216915133774168,-0.353054466192568,0.1361393324184,0.408359189419138,g2-
s__Candidatus_Nanosynbacter_sp._TM7_075,s__Streptococcus_parasanguinis,94,50,0.0980206683880523,-0.308517925483313,0.406538593871365,0.0201877889715116,g2-
s__Candidatus_Nanosynbacter_sp._TM7_075,s__Streptococcus_sp._1001283B150225_161107_H12,92,46,-0.362545864312241,0.157387179827912,0.519933044140152,0.00373589360845439,g1-
s__Candidatus_Nanosynbacter_sp._TM7_075,s__Streptococcus_sp._343_SSPC,92,45,-0.380012374476968,0.115689845265375,0.495702219742343,0.00581803343723553,g1-
s__Candidatus_Nanosynbacter_sp._TM7_075,s__Streptococcus_sp._A12,93,47,-0.301236051528522,0.026134028177684,0.327370079706206,0.0669367245753745,g1-
s__Candidatus_Nanosynbacter_sp._TM7_075,s__Streptococcus_sp._Marseille_Q0941,94,50,-0.328637476385512,-0.247375114959838,0.0812623614256741,0.621503908923093,g1-
s__Candidatus_Nanosynbacter_sp._TM7_075,s__Streptococcus_sp._Marseille_Q4154,94,50,-0.315009966257144,-0.24058214842428,0.0744278178328636,0.653216912644921,g1-
s__Candidatus_Nanosynbacter_sp._TM7_075,s__Streptococcus_sp._XMC,94,49,-0.370914435809667,0.00385764098385817,0.374772076793526,0.0296868592191795,g1-
s__Candidatus_Nanosynbacter_sp._TM7_075,s__Veillonella_atypica,94,50,0.308120822800696,-0.0550213539834038,0.3631421767841,0.0375653497598929,g1+
s__Candidatus_Nanosynbacter_sp._TM7_075,s__Veillonella_dispar,94,50,0.330190388070831,-0.231747745027283,0.561938133098114,0.00126505936069976,g1+
s__Candidatus_Nanosynbacter_sp._TM7_075,s__Veillonella_nakazawae,93,50,0.34150821389148,-0.235725733315805,0.577233947207285,0.000926398598700029,g1+
s__Candidatus_Nanosynbacter_sp._TM7_076,s__Candidatus_Nanosynbacter_sp._TM7_087,88,53,0.696792972890969,0.667600731363003,0.0291922415279662,0.759176503604516,g1+
s__Candidatus_Nanosynbacter_sp._TM7_076,s__Gemella_haemolysans,90,55,-0.358959615513399,-0.018269682398746,0.340689933114653,0.0414430933948757,g1-
s__Candidatus_Nanosynbacter_sp._TM7_076,s__Haemophilus_parainfluenzae,90,55,-0.203441137018995,-0.377183749006068,0.173742611987073,0.277245741722498,g2-
s__Candidatus_Nanosynbacter_sp._TM7_076,s__Haemophilus_paraphrohaemolyticus,75,41,-0.307771576058607,-0.0455696562510975,0.26220191980751,0.17416840294535,g1-
s__Candidatus_Nanosynbacter_sp._TM7_076,s__Haemophilus_sp._Marseille_Q0026,67,36,-0.303692845013997,-0.0787809217389504,0.224911923275047,0.273576771911605,g1-
s__Candidatus_Nanosynbacter_sp._TM7_076,s__Lachnoanaerobaculum_orale,72,45,0.203508457188528,0.313196283199615,0.109687826011086,0.547588156517862,g2+
s__Candidatus_Nanosynbacter_sp._TM7_076,s__Lancefieldella_parvula,85,55,0.377971235556687,0.214962040301959,0.163009195254728,0.311748948441498,g1+
s__Candidatus_Nanosynbacter_sp._TM7_076,s__Neisseria_sicca,87,52,-0.303337136956798,-0.0786720614092557,0.224665075547543,0.192325620256704,g1-
s__Candidatus_Nanosynbacter_sp._TM7_076,s__Prevotella_histicola,89,56,0.339440723747367,0.21868217704191,0.120758546705457,0.452511175627015,g1+
s__Candidatus_Nanosynbacter_sp._TM7_076,s__Prevotella_jejuni,88,53,0.295778679496469,0.307924690013016,0.0121460105165463,0.940228588433732,g2+
s__Candidatus_Nanosynbacter_sp._TM7_076,s__Prevotella_salivae,89,54,0.398607119210017,0.310576936563935,0.0880301826460823,0.568415670980299,g1+
s__Candidatus_Nanosynbacter_sp._TM7_076,s__Schaalia_odontolytica,90,56,0.343102024659026,0.0583563189285646,0.284745705730462,0.0859806037542712,g1+
s__Candidatus_Nanosynbacter_sp._TM7_076,s__Solobacterium_moorei,76,53,0.297130880102024,0.383714457909,0.0865835778069755,0.593299590362562,g2+
s__Candidatus_Nanosynbacter_sp._TM7_076,s__Streptococcus_infantis,90,56,-0.23013578448053,-0.402609699115026,0.172473914634496,0.269449882848712,g2-
s__Candidatus_Nanosynbacter_sp._TM7_076,s__Streptococcus_sp._1001283B150225_161107_H12,88,52,-0.370553143483939,-0.0425608855002175,0.327992257983722,0.0534017713264279,g1-
s__Candidatus_Nanosynbacter_sp._TM7_076,s__Streptococcus_sp._343_SSPC,88,50,-0.372041629878972,-0.193243788556868,0.178797841322104,0.283162625930111,g1-
s__Candidatus_Nanosynbacter_sp._TM7_076,s__Streptococcus_sp._HMSC061D10,90,55,-0.0687367554759181,-0.31562514758058,0.246888392104662,0.141151755244377,g2-
s__Candidatus_Nanosynbacter_sp._TM7_076,s__Streptococcus_sp._HMSC062D07,89,55,-0.190977987906691,-0.375397000072643,0.184419012165952,0.251736095756005,g2-
s__Candidatus_Nanosynbacter_sp._TM7_076,s__Streptococcus_sp._HMSC067H01,90,56,-0.359544356551048,-0.342943828901246,0.0166005276498021,0.913454627276683,g1-
s__Candidatus_Nanosynbacter_sp._TM7_076,s__Streptococcus_sp._HPH0090,90,55,-0.173021763371375,-0.373962321747782,0.200940558376407,0.213108198392708,g2-
s__Candidatus_Nanosynbacter_sp._TM7_076,s__Streptococcus_sp._Marseille_Q0941,90,55,-0.238322476418265,-0.408976995066043,0.170654518647778,0.274894565217145,g2-
s__Candidatus_Nanosynbacter_sp._TM7_076,s__Streptococcus_sp._Marseille_Q4154,90,55,-0.243922557593687,-0.384657098135567,0.14073454054188,0.371724387048441,g2-
s__Candidatus_Nanosynbacter_sp._TM7_076,s__Streptococcus_sp._Marseille_Q6470,90,54,-0.229204542367654,-0.360779089735401,0.131574547367747,0.412804360419102,g2-
s__Candidatus_Nanosynbacter_sp._TM7_076,s__Streptococcus_sp._oral_taxon_431,90,56,-0.274241585596097,-0.413031442527604,0.138789856931507,0.365094232892488,g2-
s__Candidatus_Nanosynbacter_sp._TM7_076,s__Streptococcus_sp._XMC,90,54,-0.368382301557637,-0.142723850365461,0.225658451192176,0.168511615996659,g1-
s__Candidatus_Nanosynbacter_sp._TM7_076,s__Streptococcus_timonensis,90,56,-0.193610355616224,-0.402609950399763,0.20899959478354,0.185558652089519,g2-
s__Candidatus_Nanosynbacter_sp._TM7_076,s__Veillonella_atypica,90,56,0.318549171907737,0.0489340767594305,0.269615095148306,0.106747928109602,g1+
s__Candidatus_Nanosynbacter_sp._TM7_076,s__Veillonella_dispar,90,56,0.305461605963128,-0.0779964168108623,0.38345802277399,0.0238611130376678,g1+
s__Candidatus_Nanosynbacter_sp._TM7_076,s__Veillonella_nakazawae,89,56,0.311353624052016,-0.0471164299840041,0.358470054036021,0.0345025590924624,g1+
s__Candidatus_Nanosynbacter_sp._TM7_087,s__Granulicatella_adiacens,89,52,-0.314648419387648,0.011829058509831,0.326477477897479,0.0593266776246615,g1-
s__Candidatus_Nanosynbacter_sp._TM7_087,s__Granulicatella_sp._HMSC30F09,87,50,-0.325259455265577,0.108294876129904,0.433554331395481,0.0142958643710989,g1-
s__Candidatus_Nanosynbacter_sp._TM7_087,s__Lachnoanaerobaculum_sp._ICM7,68,39,0.377182531553566,0.0229690697300665,0.354213461823499,0.0719841744921403,g1+
s__Candidatus_Nanosynbacter_sp._TM7_087,s__Lancefieldella_parvula,84,53,0.329526876533797,0.0855902764113743,0.243936600122422,0.153816246040981,g1+
s__Candidatus_Nanosynbacter_sp._TM7_087,s__Leptotrichia_wadei,87,48,0.351881193752626,0.00573208352930359,0.346149110223323,0.0501372885907976,g1+
s__Candidatus_Nanosynbacter_sp._TM7_087,s__Prevotella_pallens,87,53,0.312815691960928,0.0622920013933067,0.250523690567621,0.143511716236214,g1+
s__Candidatus_Nanosynbacter_sp._TM7_087,s__Prevotella_salivae,88,53,0.330237540774996,0.108650106262216,0.22158743451278,0.189177871693861,g1+
s__Candidatus_Nanosynbacter_sp._TM7_087,s__Solobacterium_moorei,76,51,0.340393751134717,0.234833170385696,0.10556058074902,0.535165824034696,g1+
s__Candidatus_Nanosynbacter_sp._TM7_087,s__Streptococcus_cristatus,89,54,-0.182553638245698,-0.301449912847796,0.118896274602097,0.474175383298645,g2-
s__Candidatus_Nanosynbacter_sp._TM7_087,s__Streptococcus_gordonii,89,54,-0.353609391614651,-0.136495745677398,0.217113645937253,0.18888747754911,g1-
s__Candidatus_Nanosynbacter_sp._TM7_087,s__Streptococcus_mitis,89,54,-0.307919030936495,-0.154223683255905,0.15369534768059,0.357031358028216,g1-
s__Candidatus_Nanosynbacter_sp._TM7_087,s__Streptococcus_oralis,89,54,-0.322316107281598,-0.25203511216698,0.0702809951146179,0.66453002033608,g1-
s__Candidatus_Nanosynbacter_sp._TM7_087,s__Streptococcus_sp._1001283B150225_161107_H12,87,50,-0.305267834666677,0.0525647693310988,0.357832603997776,0.0433983851186051,g1-
s__Candidatus_Nanosynbacter_sp._TM7_087,s__Streptococcus_sp._XMC,89,53,-0.347642680596409,-0.12379558935423,0.223847091242179,0.180213857775932,g1-
s__Fusobacterium_nucleatum,s__Fusobacterium_periodonticum,110,55,0.354149178438048,0.271487868252959,0.0826613101850891,0.587461163357107,g1+
s__Fusobacterium_nucleatum,s__Fusobacterium_pseudoperiodonticum,115,60,0.428057573774412,0.26138756666879,0.166670007105621,0.243101373318154,g1+
s__Fusobacterium_nucleatum,s__Leptotrichia_sp._oral_taxon_215,102,49,0.300078108304038,0.219771127871026,0.0803069804330119,0.62907882905098,g1+
s__Fusobacterium_nucleatum,s__Parvimonas_micra,110,65,0.402054707196347,0.457981248578039,0.0559265413816917,0.667082963498033,g2+
s__Fusobacterium_nucleatum,s__Porphyromonas_endodontalis,89,46,0.361169707144864,0.265358292175912,0.095811414968952,0.569016806724734,g1+
s__Fusobacterium_nucleatum,s__Prevotella_intermedia,124,68,0.371784474588405,0.296829688067339,0.0749547865210661,0.582888512824025,g1+
s__Fusobacterium_nucleatum,s__Rothia_sp._HMSC072B04,132,69,-0.323412760457824,-0.163478412874877,0.159934347582947,0.259920211181576,g1-
s__Fusobacterium_nucleatum,s__Rothia_sp._HMSC072E10,125,66,-0.132757624356987,-0.346628205422249,0.213870581065262,0.14156447193515,g2-
s__Fusobacterium_nucleatum,s__Rothia_sp._P3C3_S176,130,68,-0.164918246567271,-0.341763370384042,0.176845123816771,0.213669136192599,g2-
s__Fusobacterium_nucleatum,s__Streptococcus_salivarius,132,71,-0.258969249206526,-0.322128364011918,0.0631591148053919,0.645125675400479,g2-
s__Fusobacterium_nucleatum,s__Streptococcus_vestibularis,130,71,-0.0263263743217632,-0.337129546777683,0.31080317245592,0.0308019284280638,g2-
s__Fusobacterium_periodonticum,s__Fusobacterium_pseudoperiodonticum,107,55,0.855098721356026,0.757874314479684,0.0972244068763426,0.0949391130382919,g1+
s__Fusobacterium_periodonticum,s__Gemella_sanguinis,111,55,0.346772242764505,0.152176830099571,0.194595412664935,0.216948553314033,g1+
s__Fusobacterium_periodonticum,s__Granulicatella_adiacens,110,54,-0.0879139919475686,-0.380339651182111,0.292425659234543,0.0664397175098472,g2-
s__Fusobacterium_periodonticum,s__Granulicatella_sp._HMSC30F09,105,51,-0.0654711103457943,-0.345755354575327,0.280284244229533,0.0918610020267154,g2-
s__Fusobacterium_periodonticum,s__Lautropia_mirabilis,89,42,0.130451483732848,0.344625182057868,0.214173698325021,0.237317774878396,g2+
s__Fusobacterium_periodonticum,s__Leptotrichia_sp._oral_taxon_215,93,45,0.500537774375053,0.490185741181421,0.0103520331936315,0.941477874530585,g1+
s__Fusobacterium_periodonticum,s__Leptotrichia_sp._oral_taxon_221,86,43,0.305880127596343,-0.00863884029783629,0.31451896789418,0.0916825135257056,g1+
s__Fusobacterium_periodonticum,s__Leptotrichia_sp._oral_taxon_417,82,48,0.346625595768179,0.0774953494115034,0.269130246356676,0.128413446970233,g1+
s__Fusobacterium_periodonticum,s__Leptotrichia_wadei,98,48,0.367774359799617,0.014069042729212,0.353705317070405,0.0399363237218704,g1+
s__Fusobacterium_periodonticum,s__Porphyromonas_bobii,92,49,0.412327113494463,0.318723227139121,0.0936038863553425,0.551327664472038,g1+
s__Fusobacterium_periodonticum,s__Porphyromonas_endodontalis,77,37,-0.088483743817987,-0.319453956868345,0.230970213050358,0.242160943422106,g2-
s__Fusobacterium_periodonticum,s__Porphyromonas_pasteri,90,50,0.316036470669383,0.320996116210325,0.00495964554094275,0.975675718054607,g2+
s__Fusobacterium_periodonticum,s__Porphyromonas_somerae,95,50,0.42667147605981,0.498443075882006,0.071771599822196,0.610159045572086,g2+
s__Fusobacterium_periodonticum,s__Porphyromonas_sp._KLE_1280,92,49,0.365225982009332,0.37152947809937,0.00630349609003789,0.967963053550301,g2+
s__Fusobacterium_periodonticum,s__Porphyromonas_sp._oral_taxon_279,92,48,0.295305573898199,0.326290269519682,0.0309846956214824,0.851245801445782,g2+
s__Fusobacterium_periodonticum,s__Rothia_dentocariosa,107,51,-0.433605762649472,-0.327517952855784,0.106087809793688,0.476313819469366,g1-
s__Fusobacterium_periodonticum,s__Rothia_sp._HMSC062F03,102,53,-0.367601915298431,-0.25663326352406,0.110968651774371,0.477832538965413,g1-
s__Fusobacterium_periodonticum,s__Rothia_sp._HMSC072E10,105,51,-0.346472179576791,-0.277897338083062,0.0685748414937299,0.664031704159981,g1-
s__Fusobacterium_periodonticum,s__Rothia_sp._P3C3_S176,109,54,-0.320299755128498,-0.176549763833538,0.14374999129496,0.367536599220199,g1-
s__Fusobacterium_periodonticum,s__Streptococcus_australis,111,55,0.110258460020091,0.380347424854705,0.270088964834614,0.0860387529876692,g2+
s__Fusobacterium_periodonticum,s__Streptococcus_cristatus,111,55,-0.284345249528579,-0.418382379913034,0.134037130384455,0.363674506218093,g2-
s__Fusobacterium_periodonticum,s__Streptococcus_gordonii,111,55,-0.228211623428747,-0.461022154300914,0.232810530872168,0.114625397265895,g2-
s__Fusobacterium_periodonticum,s__Streptococcus_oralis,111,55,-0.359449323344211,-0.470977189449863,0.111527866105652,0.423573365636345,g2-
s__Fusobacterium_periodonticum,s__Streptococcus_parasanguinis,111,55,-0.288383189293831,-0.38418983370075,0.095806644406919,0.521639878390538,g2-
s__Fusobacterium_periodonticum,s__Streptococcus_pneumoniae,111,55,-0.320092639579755,-0.113400944510476,0.206691695069278,0.196802854350328,g1-
s__Fusobacterium_periodonticum,s__Streptococcus_pseudopneumoniae,111,55,-0.191399471932882,-0.426299277012538,0.234899805079656,0.121210502192302,g2-
s__Fusobacterium_periodonticum,s__Streptococcus_rubneri,110,55,0.29062510664417,0.432771910868377,0.142146804224207,0.331814157034407,g2+
s__Fusobacterium_periodonticum,s__Streptococcus_sp._1001283B150225_161107_H12,108,52,0.0526503473244533,0.496527365702583,0.44387701837813,0.00445905729780294,g2+
s__Fusobacterium_periodonticum,s__Streptococcus_sp._343_SSPC,107,50,0.113997694812089,0.352709142968053,0.238711448155964,0.148355327723875,g2+
s__Fusobacterium_periodonticum,s__Streptococcus_sp._HSISS2,105,52,-0.332838600544658,-0.0818742533235376,0.25096434722112,0.128860543213953,g1-
s__Fusobacterium_periodonticum,s__Streptococcus_sp._Marseille_Q3533,111,54,0.316128542506188,0.264386375068808,0.0517421674373799,0.739385137377218,g1+
s__Fusobacterium_periodonticum,s__Streptococcus_sp._SK140,111,54,-0.242022086894425,-0.312438976463879,0.070416889569454,0.653268144843125,g2-
s__Fusobacterium_periodonticum,s__Streptococcus_sp._XMC,109,52,0.13296860866403,0.314537570051089,0.18156896138706,0.266845683422031,g2+
s__Fusobacterium_periodonticum,s__Streptococcus_vestibularis,109,55,-0.387931901455439,-0.164109868828363,0.223822032627077,0.149943752768279,g1-
s__Fusobacterium_periodonticum,s__Veillonella_rogosae,111,55,0.406796134030269,0.398166198491917,0.00862993553835212,0.951349326075311,g1+
s__Fusobacterium_periodonticum,s__Veillonella_sp._oral_taxon_158,111,54,0.382127200658099,0.362296519951368,0.0198306807067306,0.892219127750862,g1+
s__Fusobacterium_periodonticum,s__Veillonella_sp._S13053_19,110,54,0.333744222854933,0.364672791744762,0.0309285688898287,0.835980701919399,g2+
s__Fusobacterium_periodonticum,s__Veillonella_tobetsuensis,110,53,0.416668665727572,0.324462633699024,0.0922060320285475,0.532121004298079,g1+
s__Fusobacterium_pseudoperiodonticum,s__Gemella_sanguinis,116,60,0.355719845775272,0.239135634963629,0.116584210811643,0.430332809154204,g1+
s__Fusobacterium_pseudoperiodonticum,s__Lautropia_mirabilis,94,47,0.145399759352868,0.402553112606335,0.257153353253467,0.126941477403321,g2+
s__Fusobacterium_pseudoperiodonticum,s__Leptotrichia_sp._oral_taxon_215,97,47,0.526026762341949,0.379039568975409,0.14698719336654,0.309334131146898,g1+
s__Fusobacterium_pseudoperiodonticum,s__Leptotrichia_sp._oral_taxon_221,89,47,0.339389706247687,-0.102425307624954,0.441815013872641,0.0138470516827522,g1+
s__Fusobacterium_pseudoperiodonticum,s__Leptotrichia_sp._oral_taxon_417,86,52,0.328871211091245,0.00477163998380256,0.324099571107443,0.0615626680262242,g1+
s__Fusobacterium_pseudoperiodonticum,s__Leptotrichia_wadei,101,53,0.335355014875326,0.00433809448679423,0.331016920388532,0.0474448377061325,g1+
s__Fusobacterium_pseudoperiodonticum,s__Neisseria_flavescens,112,55,0.188503501892842,0.333451008196212,0.144947506303371,0.354894356668094,g2+
s__Fusobacterium_pseudoperiodonticum,s__Neisseria_meningitidis,114,58,0.28829782495883,0.346775748381966,0.0584779234231361,0.693150730290287,g2+
s__Fusobacterium_pseudoperiodonticum,s__Neisseria_mucosa,115,58,0.324779017644127,0.335299978700075,0.0105209610559474,0.942832596936171,g2+
s__Fusobacterium_pseudoperiodonticum,s__Neisseria_subflava,111,56,0.226050967564628,0.333068877079478,0.10701790951485,0.488204303755951,g2+
s__Fusobacterium_pseudoperiodonticum,s__Porphyromonas_bobii,94,49,0.354857384273427,0.345314135824749,0.00954324844867732,0.952059506171143,g1+
s__Fusobacterium_pseudoperiodonticum,s__Porphyromonas_pasteri,90,50,0.238511052142163,0.342141601306357,0.103630549164194,0.531321200823725,g2+
s__Fusobacterium_pseudoperiodonticum,s__Porphyromonas_somerae,98,51,0.404525769832369,0.465632507134021,0.0611067373016523,0.670141270530593,g2+
s__Fusobacterium_pseudoperiodonticum,s__Porphyromonas_sp._KLE_1280,94,49,0.3427408191064,0.332327948914917,0.0104128701914836,0.948205589181375,g1+
s__Fusobacterium_pseudoperiodonticum,s__Porphyromonas_sp._oral_taxon_279,95,50,0.297050244331643,0.405511435289233,0.108461190957589,0.489374682213124,g2+
s__Fusobacterium_pseudoperiodonticum,s__Rothia_dentocariosa,110,56,-0.39288356863924,-0.346383478984388,0.0465000896548517,0.748395614924155,g1-
s__Fusobacterium_pseudoperiodonticum,s__Rothia_sp._HMSC062F03,105,57,-0.388185107231131,-0.416094122772662,0.0279090155415311,0.843158260305001,g2-
s__Fusobacterium_pseudoperiodonticum,s__Rothia_sp._HMSC072E10,109,56,-0.274780283914149,-0.360501347843215,0.0857210639290651,0.570522573458121,g2-
s__Fusobacterium_pseudoperiodonticum,s__Streptococcus_australis,117,60,0.141224423784481,0.346358152868661,0.20513372908418,0.176767203194392,g2+
s__Fusobacterium_pseudoperiodonticum,s__Streptococcus_cristatus,117,60,-0.278202169699324,-0.40392064319862,0.125718473499296,0.379400829507995,g2-
s__Fusobacterium_pseudoperiodonticum,s__Streptococcus_gordonii,117,60,-0.216760001164612,-0.443092751999322,0.22633275083471,0.114801866262373,g2-
s__Fusobacterium_pseudoperiodonticum,s__Streptococcus_oralis,117,60,-0.321035383560069,-0.36629487465771,0.0452594910976413,0.751655993760216,g2-
s__Fusobacterium_pseudoperiodonticum,s__Streptococcus_parasanguinis,117,60,-0.299517899734756,-0.51205998943273,0.212542089697974,0.113799260007346,g2-
s__Fusobacterium_pseudoperiodonticum,s__Streptococcus_pseudopneumoniae,117,60,-0.155864140654211,-0.362945058841189,0.207080918186978,0.168989829792138,g2-
s__Fusobacterium_pseudoperiodonticum,s__Streptococcus_rubneri,116,60,0.307943144730005,0.355038124655694,0.0470949799256895,0.744595604552613,g2+
s__Fusobacterium_pseudoperiodonticum,s__Streptococcus_salivarius,117,60,-0.33050938325564,-0.341788670576159,0.0112792873205199,0.937518526555655,g2-
s__Fusobacterium_pseudoperiodonticum,s__Streptococcus_sanguinis,117,60,-0.128667778985415,-0.310333975884931,0.181666196899516,0.237733833169719,g2-
s__Fusobacterium_pseudoperiodonticum,s__Streptococcus_sp._1001283B150225_161107_H12,114,56,0.130898527829553,0.470892026760147,0.339993498930594,0.0230070246097793,g2+
s__Fusobacterium_pseudoperiodonticum,s__Streptococcus_sp._343_SSPC,114,54,0.182865435983981,0.323449500250078,0.140584064266097,0.37349055074794,g2+
s__Fusobacterium_pseudoperiodonticum,s__Streptococcus_sp._HSISS2,111,57,-0.312475444107064,-0.256183483490762,0.0562919606163017,0.71317068698371,g1-
s__Fusobacterium_pseudoperiodonticum,s__Streptococcus_vestibularis,115,60,-0.348297908134096,-0.282318128870429,0.0659797792636674,0.652313397359172,g1-
s__Fusobacterium_pseudoperiodonticum,s__Veillonella_parvula,116,60,-0.0408357432626247,-0.316034918580665,0.27519917531804,0.0779424955626487,g2-
s__Fusobacterium_pseudoperiodonticum,s__Veillonella_rogosae,116,60,0.447203249186694,0.293941693260032,0.153261555926662,0.272360530815408,g1+
s__Fusobacterium_pseudoperiodonticum,s__Veillonella_sp._oral_taxon_158,116,59,0.409983763325379,0.315246367946246,0.0947373953791324,0.503876502061989,g1+
s__Fusobacterium_pseudoperiodonticum,s__Veillonella_sp._S13053_19,115,59,0.370911158578368,0.27944346045891,0.0914676981194585,0.531524948689974,g1+
s__Fusobacterium_pseudoperiodonticum,s__Veillonella_tobetsuensis,115,58,0.382935543484573,0.198831177697713,0.18410436578686,0.219933586814272,g1+
s__Gemella_haemolysans,s__Gemella_morbillorum,132,68,0.427841358090189,0.478015221700644,0.0501738636104556,0.677984578768235,g2+
s__Gemella_haemolysans,s__Haemophilus_haemolyticus,134,73,0.295185506399651,0.484168072204275,0.188982565804624,0.129979934559543,g2+
s__Gemella_haemolysans,s__Leptotrichia_sp._oral_taxon_215,104,50,-0.204834034607821,-0.303668003371529,0.0988339687637088,0.5491137056859,g2-
s__Gemella_haemolysans,s__Leptotrichia_sp._oral_taxon_417,97,60,-0.30277688146291,-0.200303242028553,0.102473639434357,0.514129522281825,g1-
s__Gemella_haemolysans,s__Megasphaera_micronuciformis,91,50,-0.324834192380468,-0.0682847303889146,0.256549461991553,0.137014043487662,g1-
s__Gemella_haemolysans,s__Schaalia_odontolytica,135,73,-0.274394613219704,-0.353899155266694,0.0795045420469899,0.550444622960163,g2-
s__Gemella_haemolysans,s__Schaalia_sp._ORNL0103,130,68,-0.31621202823864,-0.469336287798884,0.153124259560244,0.233269442621607,g2-
s__Gemella_haemolysans,s__Streptococcus_mitis,140,74,0.453005763238285,0.583786307053639,0.130780543815354,0.219090527158378,g2+
s__Gemella_haemolysans,s__Streptococcus_parasanguinis,140,74,-0.184121540292593,-0.321167624759316,0.137046084466723,0.315754222622417,g2-
s__Gemella_haemolysans,s__Streptococcus_pneumoniae,140,74,0.403519420700432,0.554034666136597,0.150515245436165,0.17938481485046,g2+
s__Gemella_haemolysans,s__Streptococcus_pseudopneumoniae,140,74,0.300222431932232,0.338877968532667,0.0386555366004351,0.768401846005601,g2+
s__Gemella_haemolysans,s__Streptococcus_sp._M334,138,74,0.415388418763658,0.607803607586308,0.19241518882265,0.0724628236268234,g2+
s__Gemella_haemolysans,s__Streptococcus_sp._UMB0029,138,74,0.272459073268817,0.470397918509822,0.197938845241005,0.11499510545221,g2+
s__Gemella_haemolysans,s__Veillonella_atypica,138,73,-0.352866124183463,-0.279314107765053,0.07355201641841,0.57874555561319,g1-
s__Gemella_haemolysans,s__Veillonella_dispar,138,73,-0.364809158782845,-0.372335658078278,0.00752649929543314,0.952844589377454,g2-
s__Gemella_haemolysans,s__Veillonella_nakazawae,134,71,-0.387740161142759,-0.346490371327032,0.0412497898157263,0.749681703424436,g1-
s__Gemella_haemolysans,s__Veillonella_sp._CLA_AA_H247,130,69,-0.35620206929034,-0.369036017334097,0.0128339480437572,0.922420502391083,g2-
s__Gemella_morbillorum,s__Rothia_mucilaginosa,133,68,-0.122216100374054,-0.303828471835735,0.181612371461682,0.208873005161617,g2-
s__Gemella_morbillorum,s__Streptococcus_anginosus,133,68,0.132331428036268,0.359005944931825,0.226674516895557,0.110220966652469,g2+
s__Gemella_morbillorum,s__Streptococcus_parasanguinis,133,68,-0.164450670967157,-0.327525940033544,0.163075269066387,0.25177660275076,g2-
s__Gemella_morbillorum,s__Streptococcus_salivarius,133,68,-0.148289554361208,-0.364139435982443,0.215849881621235,0.12628561329344,g2-
s__Gemella_morbillorum,s__Streptococcus_sp._HSISS2,126,66,-0.155098091180428,-0.387854320869891,0.232756229689463,0.102588046335419,g2-
s__Gemella_morbillorum,s__Veillonella_atypica,132,67,-0.293977205239014,-0.350080997954072,0.0561037927150581,0.682118462762991,g2-
s__Gemella_morbillorum,s__Veillonella_dispar,132,67,-0.343401680156478,-0.335836783211032,0.00756489694544582,0.95539837645026,g1-
s__Gemella_morbillorum,s__Veillonella_nakazawae,128,65,-0.38756890668516,-0.310669343983384,0.0768995627017764,0.572575029809294,g1-
s__Gemella_morbillorum,s__Veillonella_sp._CLA_AA_H247,124,63,-0.402756609877809,-0.361362208259332,0.0413944016184774,0.758799712510039,g1-
s__Gemella_sanguinis,s__Lachnoanaerobaculum_orale,89,51,-0.309798076217472,-0.032577672502387,0.277220403715085,0.110264114105441,g1-
s__Gemella_sanguinis,s__Lancefieldella_parvula,108,69,-0.333024189837513,-0.183142615247931,0.149881574589583,0.305415788991641,g1-
s__Gemella_sanguinis,s__Leptotrichia_sp._oral_taxon_215,104,50,0.340094520383779,0.1628334486406,0.177261071743178,0.282149580560419,g1+
s__Gemella_sanguinis,s__Megasphaera_micronuciformis,91,51,-0.369021848875142,-0.49752342197915,0.128501573104008,0.376399855171415,g2-
s__Gemella_sanguinis,s__Neisseria_sp._oral_taxon_014,119,64,-0.124345993762173,-0.375591768143586,0.251245774381413,0.0878832912577905,g2-
s__Gemella_sanguinis,s__Oribacterium_sinus,105,55,0.20540811805284,0.306074782674961,0.100666664622121,0.526826431467215,g2+
s__Gemella_sanguinis,s__Porphyromonas_somerae,106,58,0.37353362545678,0.251493427790536,0.122040197666244,0.417103600091846,g1+
s__Gemella_sanguinis,s__Porphyromonas_sp._oral_taxon_279,104,57,0.307610849633687,0.234730366944546,0.0728804826891409,0.640553727870115,g1+
s__Gemella_sanguinis,s__Prevotella_histicola,125,74,-0.384409100121137,-0.435286749228342,0.0508776491072045,0.681915977129596,g2-
s__Gemella_sanguinis,s__Prevotella_jejuni,120,67,-0.374168166625784,-0.34336274889546,0.0308054177303234,0.820079500083017,g1-
s__Gemella_sanguinis,s__Prevotella_salivae,120,69,-0.391058781502787,-0.444284795774751,0.0532260142719645,0.675191358792355,g2-
s__Gemella_sanguinis,s__Prevotella_sp._oral_taxon_306,99,65,-0.353445670214952,-0.423494191438849,0.0700485212238966,0.612320270159096,g2-
s__Gemella_sanguinis,s__Prevotella_vespertina,105,62,-0.392792477602917,-0.374439572574572,0.018352905028345,0.895320021763262,g1-
s__Gemella_sanguinis,s__Rothia_sp._HMSC065C12,137,76,0.127700674975094,0.427717534253432,0.300016859278337,0.0238479313483055,g2+
s__Gemella_sanguinis,s__Rothia_sp._HMSC072B04,138,76,0.118974426844243,0.379753175589405,0.260778748745163,0.0537419045792416,g2+
s__Gemella_sanguinis,s__Streptococcus_australis,138,78,0.439074920496828,0.582981244690673,0.143906324193845,0.173785078947581,g2+
s__Gemella_sanguinis,s__Streptococcus_infantis,138,78,0.392331934397328,0.504490576278287,0.112158641880959,0.328382500554066,g2+
s__Gemella_sanguinis,s__Streptococcus_rubneri,136,77,0.428706008261154,0.391178618868933,0.0375273893922212,0.755713792758129,g1+
s__Gemella_sanguinis,s__Streptococcus_sp._1001283B150225_161107_H12,134,72,0.447065042514511,0.501478294895116,0.0544132523806049,0.636718773435797,g2+
s__Gemella_sanguinis,s__Streptococcus_sp._263_SSPC,138,77,0.351722459994703,0.519700978738554,0.167978518743851,0.149399639986883,g2+
s__Gemella_sanguinis,s__Streptococcus_sp._343_SSPC,131,70,0.495872480189075,0.61511350190518,0.119241021716106,0.250475249317959,g2+
s__Gemella_sanguinis,s__Streptococcus_sp._A12,132,74,0.461579561129441,0.604529706787605,0.142950145658164,0.173896023312911,g2+
s__Gemella_sanguinis,s__Streptococcus_sp._F0442,136,78,0.375963612297356,0.322380626769359,0.0535829855279973,0.672464342200035,g1+
s__Gemella_sanguinis,s__Streptococcus_sp._HMSC034E03,138,77,0.18083991552365,0.331319813213085,0.150479897689434,0.264303058905227,g2+
s__Gemella_sanguinis,s__Streptococcus_sp._HMSC062D07,133,77,0.354157571582198,0.525067325868504,0.170909754286307,0.143325567904317,g2+
s__Gemella_sanguinis,s__Streptococcus_sp._HMSC067H01,138,78,0.357757287720895,0.466863114560311,0.109105826839415,0.360319492752077,g2+
s__Gemella_sanguinis,s__Streptococcus_sp._HMSC074B11,138,77,0.257339694686945,0.351773968275549,0.094434273588604,0.471234755406696,g2+
s__Gemella_sanguinis,s__Streptococcus_sp._HPH0090,138,76,0.208381528079905,0.329542898335437,0.121161370255533,0.367807811456077,g2+
s__Gemella_sanguinis,s__Streptococcus_sp._Marseille_Q0941,138,77,0.46571515771975,0.578978964216306,0.113263806496555,0.279745818268192,g2+
s__Gemella_sanguinis,s__Streptococcus_sp._Marseille_Q3533,138,75,0.502464580582314,0.592365914015289,0.0899013334329753,0.377802789137562,g2+
s__Gemella_sanguinis,s__Streptococcus_sp._Marseille_Q4154,136,76,0.413889747926503,0.577645522422839,0.163755774496336,0.133378192681504,g2+
s__Gemella_sanguinis,s__Streptococcus_sp._Marseille_Q6470,137,75,0.393311526404335,0.536811110830461,0.143499584426126,0.208064812680028,g2+
s__Gemella_sanguinis,s__Streptococcus_sp._oral_taxon_061,134,74,0.358127232791317,0.464668804866703,0.106541572075386,0.383185081157793,g2+
s__Gemella_sanguinis,s__Streptococcus_sp._oral_taxon_431,138,78,0.380480899903224,0.509739404367009,0.129258504463785,0.261362855100263,g2+
s__Gemella_sanguinis,s__Streptococcus_sp._XMC,135,74,0.447930394058676,0.485749728390703,0.0378193343320274,0.742392709335509,g2+
s__Gemella_sanguinis,s__Streptococcus_timonensis,136,78,0.39608004020499,0.468116050471831,0.0720360102668419,0.539211863794635,g2+
s__Gemella_sanguinis,s__Streptococcus_vestibularis,136,78,-0.0662576221039652,-0.373836162698593,0.307578540594628,0.0237481888326803,g2-
s__Gemella_sanguinis,s__Veillonella_atypica,137,77,-0.333671563701127,-0.355076397372782,0.0214048336716546,0.866829002686883,g2-
s__Gemella_sanguinis,s__Veillonella_nakazawae,133,75,-0.319189377903541,-0.179529320813827,0.139660057089714,0.309655021102779,g1-
s__Gemella_sanguinis,s__Veillonella_parvula,137,76,-0.343812329666009,-0.327034410825992,0.0167779188400171,0.896595633267496,g1-
s__Gemella_sanguinis,s__Veillonella_rogosae,136,78,0.0616462507455705,0.330944340665134,0.269298089919564,0.0507003647445419,g2+
s__Gemella_sanguinis,s__Veillonella_sp._oral_taxon_158,136,76,0.0293417804664428,0.317454710553032,0.288112930086589,0.0397939849585407,g2+
s__Granulicatella_adiacens,s__Granulicatella_sp._HMSC30F09,134,71,0.897817270296827,0.825958540031987,0.0718587302648398,0.0560566088763128,g1+
s__Granulicatella_adiacens,s__Haemophilus_parahaemolyticus,126,69,-0.309392312565258,0.0119611402690052,0.321353452834263,0.0296464427845764,g1-
s__Granulicatella_adiacens,s__Leptotrichia_sp._oral_taxon_218,88,49,-0.395045803704929,-0.376082516162962,0.0189632875419672,0.903136930755293,g1-
s__Granulicatella_adiacens,s__Leptotrichia_sp._oral_taxon_221,99,50,-0.291537831401838,-0.312533876714483,0.0209960453126449,0.896736985504409,g2-
s__Granulicatella_adiacens,s__Leptotrichia_sp._oral_taxon_417,95,60,-0.3225215642998,-0.316436802960654,0.00608476133914593,0.96793265065436,g1-
s__Granulicatella_adiacens,s__Leptotrichia_wadei,113,64,-0.290287776036482,-0.364681424570176,0.0743936485336946,0.601394561726549,g2-
s__Granulicatella_adiacens,s__Neisseria_sp._oral_taxon_014,119,63,-0.127564079587396,-0.323447314139575,0.195883234552179,0.192517760546363,g2-
s__Granulicatella_adiacens,s__Prevotella_intermedia,128,72,-0.321555998658346,-0.166563619412221,0.154992379246125,0.270525233879503,g1-
s__Granulicatella_adiacens,s__Prevotella_jejuni,121,65,-0.32760534299615,-0.147262990223137,0.180342352773013,0.221407706127552,g1-
s__Granulicatella_adiacens,s__Prevotella_pallens,121,67,-0.395784188798969,-0.216095440451698,0.179688748347271,0.19969509174284,g1-
s__Granulicatella_adiacens,s__Rothia_sp._HMSC065C12,138,74,0.148270802932446,0.319849002374923,0.171578199442477,0.214165375019828,g2+
s__Granulicatella_adiacens,s__Rothia_sp._P3C3_S176,136,73,0.239700612031958,0.41818589719297,0.178485285161012,0.173374788550818,g2+
s__Granulicatella_adiacens,s__Streptococcus_gordonii,139,76,0.356796132748165,0.31104494594836,0.0457511867998048,0.722587217565331,g1+
s__Granulicatella_adiacens,s__Streptococcus_infantis,139,76,0.366412743638453,0.315141085213099,0.0512716584253534,0.689190096325247,g1+
s__Granulicatella_adiacens,s__Streptococcus_oralis,139,76,0.392878106134049,0.38006326528566,0.0128148408483892,0.917301604395556,g1+
s__Granulicatella_adiacens,s__Streptococcus_sp._263_SSPC,139,75,0.619075626996416,0.510239329562044,0.108836297434372,0.270939890913307,g1+
s__Granulicatella_adiacens,s__Streptococcus_sp._F0442,136,76,0.305536639286048,0.187934636175252,0.117602003110796,0.389220294858796,g1+
s__Granulicatella_adiacens,s__Streptococcus_sp._HMSC056C01,138,74,0.366154279492176,0.205047111652957,0.161107167839219,0.229986513713652,g1+
s__Granulicatella_adiacens,s__Streptococcus_sp._HMSC061D10,139,75,0.299769060007614,0.310466285800286,0.0106972257926726,0.935495967442896,g2+
s__Granulicatella_adiacens,s__Streptococcus_sp._HMSC062D07,133,75,0.317371217436269,0.213315371465689,0.10405584597058,0.44550346621239,g1+
s__Granulicatella_adiacens,s__Streptococcus_sp._HMSC074B11,138,75,0.333408793304519,0.284070276741767,0.0493385165627513,0.70852858619512,g1+
s__Granulicatella_adiacens,s__Streptococcus_sp._HPH0090,139,74,0.400174456850129,0.279121844713306,0.121052612136823,0.348983431691278,g1+
s__Granulicatella_adiacens,s__Streptococcus_sp._Marseille_Q4154,135,74,0.252980890904007,0.340408977064725,0.0874280861607182,0.514390452806976,g2+
s__Granulicatella_adiacens,s__Streptococcus_sp._oral_taxon_431,139,76,0.352206670402016,0.3785988072383,0.0263921368362847,0.833705004098671,g2+
s__Granulicatella_adiacens,s__Streptococcus_sp._SK140,137,74,0.397068170916047,0.232578286897527,0.16448988401852,0.211889925932177,g1+
s__Granulicatella_adiacens,s__Veillonella_tobetsuensis,135,72,-0.218260697530798,-0.430999120715995,0.212738423185197,0.107220327030896,g2-
s__Granulicatella_sp._HMSC30F09,s__Leptotrichia_sp._oral_taxon_218,87,46,-0.401701782539528,-0.415969931898086,0.0142681493585584,0.927201356575894,g2-
s__Granulicatella_sp._HMSC30F09,s__Leptotrichia_sp._oral_taxon_221,97,48,-0.290373347067919,-0.357757534413768,0.0673841873458491,0.677701874057208,g2-
s__Granulicatella_sp._HMSC30F09,s__Leptotrichia_sp._oral_taxon_417,96,57,-0.330848298041467,-0.366453336653613,0.035605038612146,0.812694645722034,g2-
s__Granulicatella_sp._HMSC30F09,s__Leptotrichia_wadei,112,60,-0.325049430072465,-0.38522390270906,0.0601744726365943,0.67339190985083,g2-
s__Granulicatella_sp._HMSC30F09,s__Neisseria_sp._HMSC071A01,114,62,-0.0500330213984697,-0.3086329757332,0.25859995433473,0.0950468282993573,g2-
s__Granulicatella_sp._HMSC30F09,s__Neisseria_sp._oral_taxon_014,116,59,-0.0849645575388149,-0.312969500132784,0.228004942593969,0.14417544624748,g2-
s__Granulicatella_sp._HMSC30F09,s__Prevotella_jejuni,118,62,-0.327557378938346,-0.254572092908666,0.07298528602968,0.618289538279472,g1-
s__Granulicatella_sp._HMSC30F09,s__Prevotella_pallens,118,63,-0.409787153090312,-0.235042397729895,0.174744755360418,0.218812280963935,g1-
s__Granulicatella_sp._HMSC30F09,s__Prevotella_sp._oral_taxon_306,97,61,-0.127076403011681,-0.331241587601168,0.204165184589487,0.194853241502182,g2-
s__Granulicatella_sp._HMSC30F09,s__Rothia_sp._P3C3_S176,131,68,0.22873008369333,0.374563386567724,0.145833302874394,0.29085856889635,g2+
s__Granulicatella_sp._HMSC30F09,s__Streptococcus_gordonii,135,71,0.362619135437572,0.288761413250769,0.0738577221868034,0.579633701580272,g1+
s__Granulicatella_sp._HMSC30F09,s__Streptococcus_infantis,135,71,0.336810221473309,0.236275620511351,0.100534600961957,0.462540738573697,g1+
s__Granulicatella_sp._HMSC30F09,s__Streptococcus_oralis,135,71,0.347083746608265,0.335002331960316,0.0120814146479484,0.927022872899856,g1+
s__Granulicatella_sp._HMSC30F09,s__Streptococcus_sp._263_SSPC,135,71,0.551585636589271,0.483724223777758,0.067861412811513,0.534045109979224,g1+
s__Granulicatella_sp._HMSC30F09,s__Streptococcus_sp._HMSC056C01,134,71,0.309752396799223,0.301170679605807,0.00858171719341611,0.949506973187463,g1+
s__Granulicatella_sp._HMSC30F09,s__Streptococcus_sp._HPH0090,135,71,0.362712245193884,0.316332102538301,0.0463801426555826,0.725359573823068,g1+
s__Granulicatella_sp._HMSC30F09,s__Streptococcus_sp._oral_taxon_431,135,71,0.300222561709623,0.261729760673192,0.0384928010364311,0.779456839901246,g1+
s__Granulicatella_sp._HMSC30F09,s__Streptococcus_sp._SK140,133,71,0.319167930468452,0.239567475021777,0.0796004554466744,0.563708264738989,g1+
s__Granulicatella_sp._HMSC30F09,s__Veillonella_tobetsuensis,130,68,-0.217151861919601,-0.425855908548591,0.20870404662899,0.124688790091827,g2-
s__Haemophilus_haemolyticus,s__Haemophilus_influenzae,134,75,0.625060416399781,0.656724648848285,0.0316642324485039,0.71400600708692,g2+
s__Haemophilus_haemolyticus,s__Haemophilus_parahaemolyticus,124,71,0.466386273276805,0.375668611112581,0.0907176621642242,0.466211145300049,g1+
s__Haemophilus_haemolyticus,s__Haemophilus_parainfluenzae,135,76,0.433844926292743,0.469803193048061,0.035958266755318,0.756672888882105,g2+
s__Haemophilus_haemolyticus,s__Haemophilus_paraphrohaemolyticus,114,57,0.506488853537062,0.329909475406659,0.176579378130403,0.194468759710116,g1+
s__Haemophilus_haemolyticus,s__Haemophilus_sp._Marseille_Q0026,102,49,0.367062391570578,0.134509509766875,0.232552881803703,0.1617133170199,g1+
s__Haemophilus_haemolyticus,s__Haemophilus_sputorum,130,75,0.444766989796815,0.515379444837998,0.0706124550411837,0.533448583757321,g2+
s__Haemophilus_haemolyticus,s__Lachnoanaerobaculum_orale,87,50,-0.300753954642093,-0.197081339965187,0.103672614676907,0.543542726989041,g1-
s__Haemophilus_haemolyticus,s__Lancefieldella_parvula,106,68,-0.30817941298416,-0.286716901043241,0.0214625119409194,0.881831629933068,g1-
s__Haemophilus_haemolyticus,s__Mogibacterium_diversum,84,46,-0.135908539168954,-0.363885421649298,0.227976882480344,0.194850593257923,g2-
s__Haemophilus_haemolyticus,s__Neisseria_flavescens,125,70,0.357732983419145,0.506201503841951,0.148468520422806,0.227965104649907,g2+
s__Haemophilus_haemolyticus,s__Neisseria_meningitidis,130,73,0.347340747037373,0.446369786971244,0.0990290399338708,0.428976570074314,g2+
s__Haemophilus_haemolyticus,s__Neisseria_mucosa,130,72,0.308808874145292,0.347990951343705,0.0391820771984137,0.768969208585792,g2+
s__Haemophilus_haemolyticus,s__Neisseria_sicca,131,71,0.307708524705656,0.365525595761935,0.0578170710562789,0.663756287935217,g2+
s__Haemophilus_haemolyticus,s__Neisseria_sp._HMSC071A01,118,67,0.25476060377257,0.500641062212745,0.245880458440175,0.0632533958435992,g2+
s__Haemophilus_haemolyticus,s__Neisseria_sp._oral_taxon_014,118,63,0.25080788577895,0.315026718996335,0.0642188332173858,0.660987782181823,g2+
s__Haemophilus_haemolyticus,s__Neisseria_subflava,126,70,0.224564737991319,0.529537038090264,0.304972300098945,0.0174169664088442,g2+
s__Haemophilus_haemolyticus,s__Parvimonas_micra,110,64,-0.181800550610316,-0.318844361059832,0.137043810449516,0.361113776478286,g2-
s__Haemophilus_haemolyticus,s__Schaalia_odontolytica,132,75,-0.426054800933102,-0.401736103597958,0.0243186973351436,0.841866150488242,g1-
s__Haemophilus_haemolyticus,s__Schaalia_sp._ORNL0103,128,70,-0.365084897338943,-0.314504741156188,0.0505801561827553,0.705577743186698,g1-
s__Haemophilus_haemolyticus,s__Solobacterium_moorei,91,58,-0.309293943272207,-0.304564960070699,0.00472898320150789,0.975769219744892,g1-
s__Haemophilus_haemolyticus,s__Streptococcus_mitis,135,77,0.318837178723679,0.396119796044737,0.0772826173210574,0.541401775424129,g2+
s__Haemophilus_haemolyticus,s__Streptococcus_parasanguinis,135,77,-0.413818613785493,-0.318854983293487,0.0949636304920057,0.449439754285767,g1-
s__Haemophilus_haemolyticus,s__Streptococcus_pneumoniae,135,77,0.296617279011565,0.455345606932941,0.158728327921376,0.201190814294212,g2+
s__Haemophilus_haemolyticus,s__Streptococcus_salivarius,135,77,-0.320069729004519,-0.260907169994221,0.059162559010297,0.656221958921973,g1-
s__Haemophilus_haemolyticus,s__Streptococcus_sp._HPH0090,135,75,-0.320955452318566,-0.229488674222201,0.0914667780963653,0.498942073608494,g1-
s__Haemophilus_haemolyticus,s__Streptococcus_sp._HSISS2,128,74,-0.275868643686694,-0.303348544894298,0.0274799012076041,0.840023924904432,g2-
s__Haemophilus_haemolyticus,s__Streptococcus_sp._M334,133,76,0.362643836029831,0.328782250143807,0.0338615858860248,0.792555877220592,g1+
s__Haemophilus_haemolyticus,s__Streptococcus_sp._SK140,135,75,-0.321324792946787,-0.235453277750113,0.0858715151966743,0.524823142457711,g1-
s__Haemophilus_haemolyticus,s__Veillonella_dispar,135,76,-0.365717811730983,-0.347451722721702,0.0182660890092812,0.885908681849128,g1-
s__Haemophilus_haemolyticus,s__Veillonella_nakazawae,131,74,-0.324359034978206,-0.329502401265168,0.00514336628696249,0.968955899263876,g2-
s__Haemophilus_haemolyticus,s__Veillonella_sp._CLA_AA_H247,128,72,-0.300379314712481,-0.318461906708207,0.0180825919957261,0.893923337674025,g2-
s__Haemophilus_influenzae,s__Haemophilus_parahaemolyticus,124,70,0.418452886141553,0.454116256691218,0.0356633705496646,0.77233394042306,g2+
s__Haemophilus_influenzae,s__Haemophilus_parainfluenzae,135,76,0.56612148647432,0.70355258960869,0.13743110313437,0.110924571118203,g2+
s__Haemophilus_influenzae,s__Haemophilus_paraphrohaemolyticus,114,57,0.361620750130461,0.309161343646667,0.0524594064837939,0.721543085444551,g1+
s__Haemophilus_influenzae,s__Haemophilus_sp._Marseille_Q0026,102,49,0.310205564464895,0.228421463828165,0.0817841006367296,0.620906312542946,g1+
s__Haemophilus_influenzae,s__Haemophilus_sputorum,131,74,0.42334369296593,0.48492497912747,0.0615812861615396,0.599784941766361,g2+
s__Haemophilus_influenzae,s__Lachnoanaerobaculum_orale,87,50,-0.30400127422018,-0.192486823997336,0.111514450222844,0.51356096618365,g1-
s__Haemophilus_influenzae,s__Lancefieldella_parvula,106,67,-0.411177152586407,-0.442704772627104,0.031527620040697,0.808562405157435,g2-
s__Haemophilus_influenzae,s__Leptotrichia_sp._oral_taxon_218,86,50,-0.332616566103376,-0.176907975836255,0.155708590267122,0.360351193543734,g1-
s__Haemophilus_influenzae,s__Leptotrichia_sp._oral_taxon_417,93,62,-0.305541154871303,-0.0221035145005814,0.283437640370721,0.0797410684089752,g1-
s__Haemophilus_influenzae,s__Leptotrichia_wadei,111,65,-0.328196205316954,0.030344384797937,0.358540590114891,0.01983809184393,g1-
s__Haemophilus_influenzae,s__Megasphaera_micronuciformis,90,50,-0.332777299309583,-0.319025219413352,0.0137520798962316,0.93226415772036,g1-
s__Haemophilus_influenzae,s__Neisseria_flavescens,125,69,0.35332259941253,0.505429787368565,0.152107187956035,0.220192111873361,g2+
s__Haemophilus_influenzae,s__Neisseria_meningitidis,131,72,0.453799957360103,0.468012044524913,0.01421208716481,0.903823036196073,g2+
s__Haemophilus_influenzae,s__Neisseria_mucosa,130,71,0.221276957769548,0.387976227472104,0.166699269702557,0.219721211347254,g2+
s__Haemophilus_influenzae,s__Neisseria_sicca,131,70,0.372868668767239,0.365118585232596,0.00775008353464296,0.952555673623976,g1+
s__Haemophilus_influenzae,s__Neisseria_sp._HMSC071A01,118,66,0.42953441138796,0.488591467749963,0.0590570563620029,0.632835427111128,g2+
s__Haemophilus_influenzae,s__Neisseria_subflava,127,69,0.379446391185974,0.506671752444169,0.127225361258195,0.297224614578849,g2+
s__Haemophilus_influenzae,s__Prevotella_jejuni,118,66,-0.343282946324059,-0.234348124475427,0.108934821848632,0.447641558815666,g1-
s__Haemophilus_influenzae,s__Prevotella_sp._oral_taxon_306,98,64,-0.397987152796428,-0.244386333436941,0.153600819359487,0.294994537711011,g1-
s__Haemophilus_influenzae,s__Prevotella_vespertina,103,61,-0.307979629414678,-0.241763289301421,0.0662163401132567,0.664137859524168,g1-
s__Haemophilus_influenzae,s__Schaalia_odontolytica,132,74,-0.405361654696092,-0.349072488635674,0.0562891660604176,0.656795343573658,g1-
s__Haemophilus_influenzae,s__Solobacterium_moorei,91,58,-0.327690609562552,-0.323831136977075,0.00385947258547686,0.979959952105668,g1-
s__Haemophilus_influenzae,s__Streptococcus_parasanguinis,135,76,-0.347692730886887,-0.408518027103461,0.0608252962165736,0.626347119771249,g2-
s__Haemophilus_influenzae,s__Streptococcus_salivarius,135,76,-0.289216376548262,-0.31433160464507,0.0251152280968087,0.849734137777648,g2-
s__Haemophilus_influenzae,s__Veillonella_atypica,134,75,-0.290884015795852,-0.353383115319098,0.0624990995232466,0.634361460349549,g2-
s__Haemophilus_influenzae,s__Veillonella_dispar,135,75,-0.290497240980493,-0.314740141629837,0.024242900649344,0.855452243543098,g2-
s__Haemophilus_influenzae,s__Veillonella_nakazawae,131,73,-0.255387781125936,-0.304456370298784,0.0490685891728481,0.720154679452943,g2-
s__Haemophilus_influenzae,s__Veillonella_parvula,135,74,-0.247934483316739,-0.36955102783709,0.121616544520351,0.36009262757883,g2-
s__Haemophilus_parahaemolyticus,s__Haemophilus_parainfluenzae,127,71,0.287523500169281,0.479281510322724,0.191758010153442,0.133891559034767,g2+
s__Haemophilus_parahaemolyticus,s__Haemophilus_paraphrohaemolyticus,114,56,0.667795398655019,0.638463928167533,0.029331470487486,0.759211713675562,g1+
s__Haemophilus_parahaemolyticus,s__Haemophilus_sp._Marseille_Q0026,100,49,0.538506481230393,0.429737871446316,0.108768609784077,0.426116158645151,g1+
s__Haemophilus_parahaemolyticus,s__Haemophilus_sputorum,123,70,0.240952405964363,0.505240141423688,0.264287735459325,0.0417330845373736,g2+
s__Haemophilus_parahaemolyticus,s__Lachnoanaerobaculum_orale,77,46,-0.23672603139357,-0.315507307718504,0.0787812763249337,0.656256786940735,g2-
s__Haemophilus_parahaemolyticus,s__Lancefieldella_parvula,97,62,-0.281367863375789,-0.390072332162373,0.108704468786583,0.460000441405527,g2-
s__Haemophilus_parahaemolyticus,s__Neisseria_flavescens,120,66,0.363372250530385,0.398845002700761,0.0354727521703761,0.790527960754398,g2+
s__Haemophilus_parahaemolyticus,s__Neisseria_meningitidis,124,68,0.381528297446596,0.475579421556514,0.0940511241099182,0.452972799112418,g2+
s__Haemophilus_parahaemolyticus,s__Neisseria_mucosa,126,68,0.285371008725751,0.409990023838558,0.124619015112807,0.354167621470195,g2+
s__Haemophilus_parahaemolyticus,s__Neisseria_sicca,125,67,0.209667509609924,0.315495398153846,0.105827888543922,0.460876601900784,g2+
s__Haemophilus_parahaemolyticus,s__Neisseria_sp._HMSC071A01,114,64,0.147655550206339,0.413737166318553,0.266081616112213,0.0675310313528179,g2+
s__Haemophilus_parahaemolyticus,s__Neisseria_sp._oral_taxon_014,115,62,0.381929871016614,0.0886808651496569,0.293249005866957,0.0513877142874977,g1+
s__Haemophilus_parahaemolyticus,s__Neisseria_subflava,121,66,0.319119150903034,0.452492926936267,0.133373776033234,0.313826591878293,g2+
s__Haemophilus_parahaemolyticus,s__Parvimonas_micra,104,59,-0.0643258666184562,-0.364427757475251,0.300101890856795,0.0566399366980013,g2-
s__Haemophilus_parahaemolyticus,s__Prevotella_histicola,115,67,-0.247737362343921,-0.411138890927055,0.163401528583134,0.240345505870049,g2-
s__Haemophilus_parahaemolyticus,s__Prevotella_vespertina,94,57,-0.142648528215924,-0.337667714548407,0.195019186332483,0.226326210470819,g2-
s__Haemophilus_parahaemolyticus,s__Rothia_aeria,124,67,0.0591264323219611,0.362199821522107,0.303073389200146,0.0382851798619308,g2+
s__Haemophilus_parahaemolyticus,s__Rothia_sp._HMSC062F03,116,68,-0.303272703394501,-0.300585686390368,0.00268701700413349,0.984847516156157,g1-
s__Haemophilus_parahaemolyticus,s__Schaalia_odontolytica,123,69,-0.415229215557133,-0.413964415874418,0.0012647996827157,0.992048059719399,g1-
s__Haemophilus_parahaemolyticus,s__Schaalia_sp._ORNL0103,118,64,-0.328417887086558,-0.3178662359467,0.0105516511398575,0.940704704159955,g1-
s__Haemophilus_parahaemolyticus,s__Solobacterium_moorei,84,53,-0.333832438073559,-0.192092493444651,0.141739944628907,0.396084227197594,g1-
s__Haemophilus_parahaemolyticus,s__Streptococcus_mitis,127,71,0.330602315066878,0.211072407893917,0.119529907172961,0.391845304494094,g1+
s__Haemophilus_parahaemolyticus,s__Streptococcus_parasanguinis,127,71,-0.314954512265625,-0.423500823774579,0.108546311508954,0.404039156170197,g2-
s__Haemophilus_parahaemolyticus,s__Streptococcus_pneumoniae,127,71,0.318695320132758,0.306050189834835,0.0126451302979235,0.926013387625924,g1+
s__Haemophilus_parahaemolyticus,s__Streptococcus_sp._1001283B150225_161107_H12,124,65,-0.00612804804684074,0.307445622556321,0.313573670603162,0.0381244785736339,g2+
s__Haemophilus_parahaemolyticus,s__Streptococcus_sp._263_SSPC,127,71,-0.338542418071066,-0.145465066377764,0.193077351693302,0.172327215081078,g1-
s__Haemophilus_parahaemolyticus,s__Streptococcus_sp._M334,127,71,0.33575006382208,0.20048292444937,0.13526713937271,0.333079605698132,g1+
s__Haemophilus_parahaemolyticus,s__Veillonella_atypica,125,70,-0.199279677544262,-0.413205211750766,0.213925534206504,0.11833302468625,g2-
s__Haemophilus_parahaemolyticus,s__Veillonella_dispar,126,70,-0.322552030786127,-0.434630819700618,0.112078788914491,0.387916792426521,g2-
s__Haemophilus_parahaemolyticus,s__Veillonella_nakazawae,122,68,-0.262497967403749,-0.411697955148937,0.149199987745188,0.273576457988538,g2-
s__Haemophilus_parahaemolyticus,s__Veillonella_parvula,126,70,-0.207287727790026,-0.303620781390503,0.0963330536004771,0.496853645821921,g2-
s__Haemophilus_parahaemolyticus,s__Veillonella_sp._CLA_AA_H247,119,66,-0.256905707162298,-0.350830779373675,0.093925072211377,0.50800347512273,g2-
s__Haemophilus_parainfluenzae,s__Haemophilus_paraphrohaemolyticus,116,57,0.288439053269392,0.305791804289552,0.0173527510201594,0.908402650585074,g2+
s__Haemophilus_parainfluenzae,s__Haemophilus_sputorum,131,75,0.341246287942543,0.404839982126822,0.0635936941842798,0.615809783687775,g2+
s__Haemophilus_parainfluenzae,s__Lancefieldella_parvula,110,68,-0.419990753346655,-0.554001971285235,0.13401121793858,0.261830862734951,g2-
s__Haemophilus_parainfluenzae,s__Megasphaera_micronuciformis,93,51,-0.2546731164759,-0.344031768279113,0.089358651803214,0.582499292149248,g2-
s__Haemophilus_parainfluenzae,s__Neisseria_flavescens,126,70,0.413593369858878,0.40497283424158,0.00862053561729792,0.945627523931136,g1+
s__Haemophilus_parainfluenzae,s__Neisseria_meningitidis,133,73,0.406065782572175,0.515405181424661,0.109339398852486,0.34785287347821,g2+
s__Haemophilus_parainfluenzae,s__Neisseria_mucosa,135,72,0.385798570225207,0.487966355561018,0.10216778533581,0.394346572993092,g2+
s__Haemophilus_parainfluenzae,s__Neisseria_sicca,135,71,0.40090598811456,0.421782564790685,0.0208765766761256,0.86630406548533,g2+
s__Haemophilus_parainfluenzae,s__Neisseria_sp._HMSC071A01,119,67,0.396408426869296,0.429879885041998,0.0334714581727016,0.795437808862348,g2+
s__Haemophilus_parainfluenzae,s__Neisseria_subflava,128,70,0.396216063829977,0.425987084808687,0.0297710209787103,0.812928172854406,g2+
s__Haemophilus_parainfluenzae,s__Porphyromonas_bobii,100,55,0.313561304497477,0.0200810475503276,0.29348025694715,0.076540584321966,g1+
s__Haemophilus_parainfluenzae,s__Prevotella_histicola,128,73,-0.299870406614584,-0.352057257173856,0.0521868505592717,0.695584879581219,g2-
s__Haemophilus_parainfluenzae,s__Prevotella_jejuni,123,67,-0.306861150312502,-0.434000636053225,0.127139485740722,0.339841723073228,g2-
s__Haemophilus_parainfluenzae,s__Prevotella_salivae,122,69,-0.309651184956857,-0.3555331861616,0.0458820012047427,0.736694353573538,g2-
s__Haemophilus_parainfluenzae,s__Prevotella_sp._oral_taxon_306,101,65,-0.328929913790406,-0.378704713192063,0.0497747994016568,0.725771901775094,g2-
s__Haemophilus_parainfluenzae,s__Prevotella_vespertina,105,62,-0.268835318385181,-0.449399036887217,0.180563718502037,0.202752537782179,g2-
s__Haemophilus_parainfluenzae,s__Rothia_sp._HMSC062F03,129,73,-0.317309058247269,-0.180620259865616,0.136688798381652,0.327289881246078,g1-
s__Haemophilus_parainfluenzae,s__Schaalia_odontolytica,136,75,-0.215103562035488,-0.329643977894815,0.114540415859327,0.39705338394793,g2-
s__Haemophilus_parainfluenzae,s__Solobacterium_moorei,92,59,-0.310406515331906,-0.389208307937917,0.0788017926060115,0.598264209796786,g2-
s__Haemophilus_parainfluenzae,s__Streptococcus_anginosus,140,77,-0.397741145159043,-0.0390663309108381,0.358674814248205,0.00812036713440012,g1-
s__Haemophilus_parainfluenzae,s__Streptococcus_australis,140,77,0.342416965922321,0.179062975366695,0.163353990555626,0.222968363402681,g1+
s__Haemophilus_parainfluenzae,s__Streptococcus_parasanguinis,141,77,-0.412324020657587,-0.229265940748256,0.183058079909331,0.154809581865432,g1-
s__Haemophilus_parainfluenzae,s__Streptococcus_salivarius,141,77,-0.365449145317693,-0.0931910862878203,0.272258059029872,0.0443638943646252,g1-
s__Haemophilus_parainfluenzae,s__Streptococcus_sp._1001283B150225_161107_H12,135,71,0.300335964171808,0.0366355041379049,0.263700460033903,0.0671776712020102,g1+
s__Haemophilus_parainfluenzae,s__Streptococcus_sp._343_SSPC,132,70,0.30761667209729,0.0849003754414336,0.222716296655856,0.122114770395558,g1+
s__Haemophilus_parainfluenzae,s__Streptococcus_sp._HSISS2,134,74,-0.349096685739257,-0.123268942050873,0.225827743688383,0.10266974078874,g1-
s__Haemophilus_parainfluenzae,s__Streptococcus_vestibularis,139,77,-0.374283601331523,-0.109271275334682,0.265012325996841,0.0495447418482271,g1-
s__Haemophilus_parainfluenzae,s__Veillonella_atypica,139,76,-0.263027692909663,-0.368637143327766,0.105609450418103,0.418088989606415,g2-
s__Haemophilus_parainfluenzae,s__Veillonella_rogosae,136,77,0.387778333537806,0.0198208745601359,0.36795745897767,0.0072580167398637,g1+
s__Haemophilus_parainfluenzae,s__Veillonella_sp._oral_taxon_158,138,75,0.393538874513088,0.0821281597869244,0.311410714726163,0.0222281000583062,g1+
s__Haemophilus_parainfluenzae,s__Veillonella_sp._S13053_19,136,74,0.335932538491462,0.0359137483346355,0.300018790156826,0.0328903144742225,g1+
s__Haemophilus_paraphrohaemolyticus,s__Haemophilus_sp._Marseille_Q0026,98,46,0.763890757101814,0.553374488187305,0.210516268914509,0.0375470578081774,g1+
s__Haemophilus_paraphrohaemolyticus,s__Haemophilus_sputorum,113,57,0.203732680561247,0.541638059260799,0.337905378699552,0.0161112617283132,g2+
s__Haemophilus_paraphrohaemolyticus,s__Lachnoanaerobaculum_orale,67,36,-0.205300592281251,-0.367176668396859,0.161876076115608,0.409129472697651,g2-
s__Haemophilus_paraphrohaemolyticus,s__Lancefieldella_parvula,87,48,-0.265340684744601,-0.355088618456136,0.0897479337115357,0.590493606307416,g2-
s__Haemophilus_paraphrohaemolyticus,s__Lautropia_mirabilis,93,45,0.30736442703816,0.183109248348735,0.124255178689425,0.478513608060557,g1+
s__Haemophilus_paraphrohaemolyticus,s__Mogibacterium_diversum,68,33,-0.201646531899409,-0.328796984518189,0.127150452618781,0.534711318701393,g2-
s__Haemophilus_paraphrohaemolyticus,s__Neisseria_flavescens,111,54,0.294246032807262,0.371948104886074,0.0777020720788121,0.606662074919262,g2+
s__Haemophilus_paraphrohaemolyticus,s__Neisseria_meningitidis,114,56,0.307579347556649,0.406425658458511,0.0988463109018623,0.496818875473943,g2+
s__Haemophilus_paraphrohaemolyticus,s__Neisseria_sp._HMSC071A01,106,54,0.203229902998482,0.442625539060513,0.239395636062031,0.115635475818107,g2+
s__Haemophilus_paraphrohaemolyticus,s__Neisseria_sp._oral_taxon_014,107,51,0.383178659214712,0.221398921361677,0.161779737853035,0.305916814133151,g1+
s__Haemophilus_paraphrohaemolyticus,s__Neisseria_subflava,112,55,0.202170450460615,0.432024370562183,0.229853920101568,0.126715535166652,g2+
s__Haemophilus_paraphrohaemolyticus,s__Rothia_sp._HMSC062F03,106,55,-0.126468775339527,-0.36562802173117,0.239159246391643,0.13203310357536,g2-
s__Haemophilus_paraphrohaemolyticus,s__Rothia_sp._HMSC072E10,109,54,-0.165796282912532,-0.306665024888012,0.140868741975479,0.380283513424707,g2-
s__Haemophilus_paraphrohaemolyticus,s__Schaalia_odontolytica,112,56,-0.298239640284348,-0.503492908766048,0.205253268481701,0.141199023815905,g2-
s__Haemophilus_paraphrohaemolyticus,s__Schaalia_sp._ORNL0103,107,51,-0.214712142033877,-0.347451608370878,0.132739466337001,0.407819321366811,g2-
s__Haemophilus_paraphrohaemolyticus,s__Solobacterium_moorei,73,42,-0.385955283816458,-0.227489127465074,0.158466156351384,0.379782139519769,g1-
s__Haemophilus_paraphrohaemolyticus,s__Streptococcus_mitis,116,57,0.301683107450266,0.177505811526948,0.124177295923318,0.425051168736271,g1+
s__Haemophilus_paraphrohaemolyticus,s__Streptococcus_parasanguinis,116,57,-0.321884916706089,-0.352283666527148,0.0303987498210593,0.835747883167616,g2-
s__Haemophilus_paraphrohaemolyticus,s__Streptococcus_sp._263_SSPC,116,57,-0.287656827750583,-0.329565264723125,0.0419084369725418,0.779433896170876,g2-
s__Haemophilus_paraphrohaemolyticus,s__Veillonella_dispar,115,56,-0.253814106802677,-0.407742246845074,0.153928140042397,0.298275311393488,g2-
s__Haemophilus_paraphrohaemolyticus,s__Veillonella_nakazawae,111,54,-0.225057037610028,-0.342794720522281,0.117737682912253,0.450240495774116,g2-
s__Haemophilus_paraphrohaemolyticus,s__Veillonella_sp._CLA_AA_H247,108,52,-0.188913026894923,-0.309572916419888,0.120659889524964,0.456370053354137,g2-
s__Haemophilus_sp._Marseille_Q0026,s__Haemophilus_sputorum,102,49,0.116985015782136,0.384779457488826,0.26779444170669,0.106362757977233,g2+
s__Haemophilus_sp._Marseille_Q0026,s__Lachnoanaerobaculum_orale,59,34,-0.240296072846358,-0.391482965641611,0.151186892795252,0.45173954158927,g2-
s__Haemophilus_sp._Marseille_Q0026,s__Lancefieldella_parvula,78,40,-0.23758932204671,-0.370411126045658,0.132821803998948,0.465312052788372,g2-
s__Haemophilus_sp._Marseille_Q0026,s__Leptotrichia_sp._oral_taxon_215,80,36,-0.317998106259365,-0.147613990562107,0.170384115697258,0.385079476855145,g1-
s__Haemophilus_sp._Marseille_Q0026,s__Leptotrichia_sp._oral_taxon_417,70,41,-0.131519100688777,-0.320895300612443,0.189376199923667,0.323835032454646,g2-
s__Haemophilus_sp._Marseille_Q0026,s__Megasphaera_micronuciformis,65,29,-0.0886595872753141,-0.349520839355948,0.260861252080634,0.237486121368029,g2-
s__Haemophilus_sp._Marseille_Q0026,s__Neisseria_sp._oral_taxon_014,97,45,0.332779039798092,0.147954248965267,0.184824790832824,0.288741397134146,g1+
s__Haemophilus_sp._Marseille_Q0026,s__Prevotella_jejuni,88,42,-0.0955887896664469,-0.322466148185907,0.22687735851946,0.217486331352716,g2-
s__Haemophilus_sp._Marseille_Q0026,s__Prevotella_salivae,90,43,-0.199960788739708,-0.344382581147682,0.144421792407973,0.413063500598226,g2-
s__Haemophilus_sp._Marseille_Q0026,s__Prevotella_sp._oral_taxon_306,70,39,-0.143258332793482,-0.31069228620718,0.167433953413698,0.391541054900217,g2-
s__Haemophilus_sp._Marseille_Q0026,s__Prevotella_vespertina,75,37,-0.130603269969352,-0.379865116472151,0.249261846502799,0.19685911928666,g2-
s__Haemophilus_sp._Marseille_Q0026,s__Schaalia_odontolytica,99,49,-0.293990890382491,-0.336222962217209,0.0422320718347189,0.793678848715413,g2-
s__Haemophilus_sp._Marseille_Q0026,s__Solobacterium_moorei,64,37,-0.315956407811452,-0.272217439115357,0.0437389686960953,0.822936630892897,g1-
s__Haemophilus_sp._Marseille_Q0026,s__Streptococcus_mitis,102,49,0.400660163378903,0.32255749705323,0.0781026663256731,0.614248274881591,g1+
s__Haemophilus_sp._Marseille_Q0026,s__Streptococcus_sp._M334,102,49,0.302476792797861,-0.107111266356223,0.409588059154084,0.018649997922739,g1+
s__Haemophilus_sp._Marseille_Q0026,s__Veillonella_atypica,101,48,-0.21360904497488,-0.315102998477623,0.101493953502744,0.544047536766424,g2-
s__Haemophilus_sp._Marseille_Q0026,s__Veillonella_parvula,102,48,-0.014793841159521,-0.335654393501831,0.32086055234231,0.0628941738355848,g2-
s__Haemophilus_sp._Marseille_Q0026,s__Veillonella_tobetsuensis,99,45,-0.13378547960191,-0.379702048462983,0.245916568861073,0.151843167564229,g2-
s__Haemophilus_sputorum,s__Megasphaera_micronuciformis,86,49,-0.322529501967951,-0.293972647496962,0.0285568544709892,0.863682740206483,g1-
s__Haemophilus_sputorum,s__Neisseria_flavescens,123,69,0.296940837257952,0.530217519711078,0.233276682453126,0.063585038556881,g2+
s__Haemophilus_sputorum,s__Neisseria_meningitidis,128,72,0.299436447725759,0.557219442890512,0.257782995164753,0.0329288285993237,g2+
s__Haemophilus_sputorum,s__Neisseria_mucosa,128,71,0.113959641211329,0.397807768640846,0.283848127429517,0.0418898761988133,g2+
s__Haemophilus_sputorum,s__Neisseria_sicca,128,69,0.183977702448225,0.385307480784959,0.201329778336734,0.147876837418102,g2+
s__Haemophilus_sputorum,s__Neisseria_sp._HMSC071A01,118,66,0.360991978483588,0.464649640700933,0.103657662217345,0.424436576796966,g2+
s__Haemophilus_sputorum,s__Neisseria_subflava,126,69,0.286566070784753,0.517201269264238,0.230635198479485,0.0687698757234834,g2+
s__Haemophilus_sputorum,s__Parvimonas_micra,108,63,-0.202158322748074,-0.350117820886051,0.147959498137977,0.321028254349633,g2-
s__Haemophilus_sputorum,s__Prevotella_salivae,114,67,-0.314774198977075,-0.146358905947941,0.168415293029133,0.255635262041549,g1-
s__Haemophilus_sputorum,s__Rothia_sp._HMSC062F03,120,71,-0.260049916872786,-0.313551926519234,0.0535020096464474,0.702135279139244,g2-
s__Haemophilus_sputorum,s__Schaalia_odontolytica,128,73,-0.298985432821227,-0.518491173626011,0.219505740804784,0.0749189362745453,g2-
s__Haemophilus_sputorum,s__Schaalia_sp._ORNL0103,124,68,-0.246554404874262,-0.353778406955909,0.107224002081647,0.442833886338539,g2-
s__Haemophilus_sputorum,s__Streptococcus_parasanguinis,131,75,-0.291168101696807,-0.367770131923584,0.0766020302267774,0.559363801788071,g2-
s__Haemophilus_sputorum,s__Veillonella_atypica,130,74,-0.233968118099905,-0.322968530952394,0.0890004128524892,0.514581856363476,g2-
s__Haemophilus_sputorum,s__Veillonella_dispar,131,74,-0.312336866206061,-0.386984185237107,0.0746473190310464,0.565159112966486,g2-
s__Haemophilus_sputorum,s__Veillonella_nakazawae,127,72,-0.302639526982684,-0.355466854524695,0.0528273275420104,0.693140645554162,g2-
s__Haemophilus_sputorum,s__Veillonella_parvula,131,74,-0.227053891769445,-0.317702011930054,0.0906481201606094,0.507764768874358,g2-
s__Haemophilus_sputorum,s__Veillonella_sp._CLA_AA_H247,124,70,-0.302576411234957,-0.335134974141342,0.0325585629063841,0.811853431381065,g2-
s__Lachnoanaerobaculum_orale,s__Lachnoanaerobaculum_saburreum,85,50,0.664040470314145,0.63615991704877,0.0278805532653755,0.791734959779465,g1+
s__Lachnoanaerobaculum_orale,s__Lachnoanaerobaculum_sp._ICM7,73,40,0.380159983725277,0.389389687601452,0.00922970387617561,0.957491762302076,g2+
s__Lachnoanaerobaculum_orale,s__Lancefieldella_parvula,87,50,0.447380279278213,0.327041216396308,0.120339062881905,0.435953856491913,g1+
s__Lachnoanaerobaculum_orale,s__Leptotrichia_sp._oral_taxon_218,73,43,0.349492526254209,0.312377224060208,0.0371153021940019,0.833412839654389,g1+
s__Lachnoanaerobaculum_orale,s__Leptotrichia_sp._oral_taxon_221,77,43,0.39201371077147,0.262090774477626,0.129922936293844,0.45744345069971,g1+
s__Lachnoanaerobaculum_orale,s__Leptotrichia_wadei,86,47,0.326752537468102,0.192290784289962,0.13446175317814,0.438497930337307,g1+
s__Lachnoanaerobaculum_orale,s__Megasphaera_micronuciformis,79,42,0.397716082041145,0.360781693128187,0.0369343889129582,0.826605543203627,g1+
s__Lachnoanaerobaculum_orale,s__Mogibacterium_diversum,71,40,0.43402090791469,0.435690051324268,0.00166914340957774,0.991960674879406,g2+
s__Lachnoanaerobaculum_orale,s__Neisseria_mucosa,84,47,-0.260366467339815,-0.333144638184712,0.0727781708448965,0.669798462096215,g2-
s__Lachnoanaerobaculum_orale,s__Oribacterium_sinus,84,45,0.187090578474039,0.433055069536022,0.245964491061983,0.149093388046965,g2+
s__Lachnoanaerobaculum_orale,s__Porphyromonas_bobii,67,37,-0.208706337194299,-0.301040925754905,0.0923345885606061,0.641378804802672,g2-
s__Lachnoanaerobaculum_orale,s__Porphyromonas_pasteri,64,38,-0.176013739740341,-0.317243467119832,0.141229727379491,0.477241654385488,g2-
s__Lachnoanaerobaculum_orale,s__Porphyromonas_somerae,73,39,-0.246921708648521,-0.323766397999832,0.076844689351311,0.683135600862518,g2-
s__Lachnoanaerobaculum_orale,s__Porphyromonas_sp._KLE_1280,69,37,-0.163807734771318,-0.39361619629495,0.229808461523632,0.234855581733712,g2-
s__Lachnoanaerobaculum_orale,s__Porphyromonas_sp._oral_taxon_279,67,38,-0.146891597080246,-0.395579518367429,0.248687921287184,0.198309666110406,g2-
s__Lachnoanaerobaculum_orale,s__Prevotella_histicola,87,50,0.377224076809684,0.204034355250274,0.17318972155941,0.297227123157685,g1+
s__Lachnoanaerobaculum_orale,s__Prevotella_jejuni,88,49,0.481850514524128,0.216480637236624,0.265369877287505,0.095186485737188,g1+
s__Lachnoanaerobaculum_orale,s__Prevotella_pallens,88,48,0.363063309630656,0.135203825043575,0.227859484587081,0.184987666510029,g1+
s__Lachnoanaerobaculum_orale,s__Prevotella_salivae,87,49,0.529564480859044,0.282506277418936,0.247058203440108,0.102920664498176,g1+
s__Lachnoanaerobaculum_orale,s__Prevotella_sp._oral_taxon_306,83,50,0.524293543870677,0.180406048093428,0.343887495777249,0.0295853366782031,g1+
s__Lachnoanaerobaculum_orale,s__Prevotella_vespertina,81,47,0.472872018035158,0.26494310480783,0.207928913227328,0.198661884840242,g1+
s__Lachnoanaerobaculum_orale,s__Rothia_sp._P3C3_S176,88,49,-0.0581905303076329,-0.308369066689753,0.250178536382121,0.154705962910847,g2-
s__Lachnoanaerobaculum_orale,s__Solobacterium_moorei,75,46,0.49831433051093,0.417364717477944,0.080949613032986,0.594609725003642,g1+
s__Lachnoanaerobaculum_orale,s__Streptococcus_australis,90,51,-0.339843278478433,-0.13119013333304,0.208653145145393,0.21701010720085,g1-
s__Lachnoanaerobaculum_orale,s__Streptococcus_rubneri,89,51,-0.316281690348967,-0.154124198343592,0.162157492005375,0.339337977809592,g1-
s__Lachnoanaerobaculum_orale,s__Streptococcus_sp._1001283B150225_161107_H12,87,48,-0.308610318842788,-0.0787363781620997,0.229873940680688,0.193686981748539,g1-
s__Lachnoanaerobaculum_orale,s__Streptococcus_sp._343_SSPC,87,47,-0.352770047705093,-0.0313819734026835,0.32138807430241,0.0699826706075619,g1-
s__Lachnoanaerobaculum_orale,s__Streptococcus_sp._A12,85,48,-0.335351294847459,-0.0237135559504417,0.311637738897018,0.0796830002729993,g1-
s__Lachnoanaerobaculum_orale,s__Streptococcus_sp._HMSC061D10,89,51,-0.0182771169918493,-0.306041023883014,0.287763906891165,0.0982504374285984,g2-
s__Lachnoanaerobaculum_orale,s__Streptococcus_sp._HMSC074B11,89,51,0.042273830665522,-0.305124272503224,0.347398103168746,0.0472546280992789,g2-
s__Lachnoanaerobaculum_orale,s__Streptococcus_sp._XMC,88,50,-0.424186995055827,0.0474711898203123,0.471658184876139,0.00591775751479728,g1-
s__Lachnoanaerobaculum_saburreum,s__Lachnoanaerobaculum_sp._ICM7,76,42,0.447092908402067,0.567465452605664,0.120372544203598,0.412000926291573,g2+
s__Lachnoanaerobaculum_saburreum,s__Lancefieldella_parvula,97,56,0.420657511566948,0.077085443214769,0.343572068352179,0.0306733676055222,g1+
s__Lachnoanaerobaculum_saburreum,s__Leptotrichia_sp._oral_taxon_218,83,46,0.489587604459729,0.387755411544953,0.101832192914776,0.503969040161074,g1+
s__Lachnoanaerobaculum_saburreum,s__Leptotrichia_sp._oral_taxon_221,94,47,0.531645830507673,0.510032889894592,0.0216129406130811,0.871665998188516,g1+
s__Lachnoanaerobaculum_saburreum,s__Leptotrichia_sp._oral_taxon_417,93,50,0.503629063111475,0.46500881299453,0.0386202501169448,0.779123268589646,g1+
s__Lachnoanaerobaculum_saburreum,s__Leptotrichia_wadei,104,53,0.577878329836468,0.475120750270881,0.102757579565587,0.409536569676384,g1+
s__Lachnoanaerobaculum_saburreum,s__Megasphaera_micronuciformis,87,47,0.393264550744414,0.253194106859097,0.140070443885317,0.39936793708061,g1+
s__Lachnoanaerobaculum_saburreum,s__Mogibacterium_diversum,82,44,0.436376872570572,0.289389783621089,0.146987088949483,0.377553915288944,g1+
s__Lachnoanaerobaculum_saburreum,s__Neisseria_mucosa,108,54,-0.277547330216599,-0.348011685898101,0.0704643556815012,0.647013463487221,g2-
s__Lachnoanaerobaculum_saburreum,s__Neisseria_sicca,107,53,-0.306604627373817,-0.134161829961314,0.172442797412503,0.290730665124004,g1-
s__Lachnoanaerobaculum_saburreum,s__Oribacterium_sinus,97,51,0.300560548839191,0.448724919657527,0.148164370818336,0.329561714016752,g2+
s__Lachnoanaerobaculum_saburreum,s__Porphyromonas_bobii,87,42,-0.180339000504118,-0.309372101323802,0.129033100819684,0.477886511495671,g2-
s__Lachnoanaerobaculum_saburreum,s__Porphyromonas_pasteri,85,43,-0.160851779324748,-0.366754747121853,0.205902967797105,0.248826696377837,g2-
s__Lachnoanaerobaculum_saburreum,s__Porphyromonas_somerae,93,44,-0.231890911715352,-0.381704364479359,0.149813452764007,0.378691455487896,g2-
s__Lachnoanaerobaculum_saburreum,s__Porphyromonas_sp._KLE_1280,88,41,-0.158954616276093,-0.428300478008104,0.269345861732011,0.127377312082727,g2-
s__Lachnoanaerobaculum_saburreum,s__Porphyromonas_sp._oral_taxon_279,89,43,-0.12890333650706,-0.302894998735889,0.173991662228829,0.338765593759629,g2-
s__Lachnoanaerobaculum_saburreum,s__Prevotella_histicola,109,58,0.443344656508045,0.175195814237903,0.268148842270142,0.0716328087198543,g1+
s__Lachnoanaerobaculum_saburreum,s__Prevotella_intermedia,110,57,0.310108567019775,0.317338117278399,0.00722955025862321,0.961685775953363,g2+
s__Lachnoanaerobaculum_saburreum,s__Prevotella_jejuni,105,57,0.531688591471577,0.390886518462528,0.140802073009049,0.285752003047076,g1+
s__Lachnoanaerobaculum_saburreum,s__Prevotella_melaninogenica,111,58,0.375575304971979,0.185182549970652,0.190392755001327,0.210226621749229,g1+
s__Lachnoanaerobaculum_saburreum,s__Prevotella_pallens,107,56,0.467037238337114,0.288420889308372,0.178616349028742,0.214632604790717,g1+
s__Lachnoanaerobaculum_saburreum,s__Prevotella_salivae,105,57,0.535116760544137,0.339112549238686,0.196004211305451,0.146770655685564,g1+
s__Lachnoanaerobaculum_saburreum,s__Prevotella_sp._oral_taxon_306,94,57,0.50710008926415,0.367869023913891,0.139231065350258,0.314265361182636,g1+
s__Lachnoanaerobaculum_saburreum,s__Prevotella_vespertina,97,52,0.472766585360373,0.353591057167793,0.11917552819258,0.41350750438529,g1+
s__Lachnoanaerobaculum_saburreum,s__Rothia_mucilaginosa,113,58,0.0411730740158667,-0.37601126626947,0.417184340285337,0.00819911861079681,g2-
s__Lachnoanaerobaculum_saburreum,s__Rothia_sp._HMSC065C12,112,57,-0.0458444316614379,-0.313256332312611,0.267411900651174,0.0944826726347041,g2-
s__Lachnoanaerobaculum_saburreum,s__Rothia_sp._HMSC072B04,113,57,-0.0596818649261026,-0.314390154079751,0.254708289153648,0.109866612056866,g2-
s__Lachnoanaerobaculum_saburreum,s__Rothia_sp._P3C3_S176,111,56,-0.0885207908588065,-0.482921021208927,0.394400230350121,0.00900599367048516,g2-
s__Lachnoanaerobaculum_saburreum,s__Schaalia_odontolytica,112,58,0.365964673527745,-0.145616589432856,0.5115812629606,0.00134163505230833,g1+
s__Lachnoanaerobaculum_saburreum,s__Solobacterium_moorei,89,51,0.415115967935859,0.306361582701582,0.108754385234276,0.486939646000259,g1+
s__Lachnoanaerobaculum_saburreum,s__Streptococcus_australis,113,58,-0.346942511667975,-0.206144200557099,0.140798311110876,0.354764701727636,g1-
s__Lachnoanaerobaculum_saburreum,s__Streptococcus_mitis,113,58,-0.378607725129776,-0.203415309287479,0.175192415842297,0.244639006323414,g1-
s__Lachnoanaerobaculum_saburreum,s__Streptococcus_oralis,113,58,-0.316440705703465,-0.111204989043627,0.205235716659838,0.190851028532095,g1-
s__Lachnoanaerobaculum_saburreum,s__Streptococcus_pneumoniae,113,58,-0.375178418767759,-0.0570225195518483,0.318155899215911,0.0410755092502788,g1-
s__Lachnoanaerobaculum_saburreum,s__Streptococcus_sp._1001283B150225_161107_H12,109,54,-0.316001999833311,-0.118170107918757,0.197831891914553,0.221207715054739,g1-
s__Lachnoanaerobaculum_saburreum,s__Streptococcus_sp._343_SSPC,109,53,-0.376555533126466,-0.0665832147296949,0.309972318396771,0.0548898613314526,g1-
s__Lachnoanaerobaculum_saburreum,s__Streptococcus_sp._A12,109,55,-0.37539376007667,-0.0651563208377687,0.310237439238901,0.0516777950990255,g1-
s__Lachnoanaerobaculum_saburreum,s__Streptococcus_sp._Marseille_Q0941,112,58,-0.325995585942814,-0.204602275931196,0.121393310011617,0.429011296392438,g1-
s__Lachnoanaerobaculum_saburreum,s__Streptococcus_sp._XMC,110,57,-0.39197128096525,-0.218183438671979,0.17378784229327,0.24912354943653,g1-
s__Lachnoanaerobaculum_saburreum,s__Veillonella_atypica,113,58,0.444323757398239,0.140624750028774,0.303699007369465,0.0418671583724135,g1+
s__Lachnoanaerobaculum_saburreum,s__Veillonella_dispar,113,58,0.353392656078149,0.00182119745826482,0.351571458619884,0.0260619635015245,g1+
s__Lachnoanaerobaculum_saburreum,s__Veillonella_nakazawae,111,58,0.328346618799256,0.0799567550807857,0.24838986371847,0.115337414258253,g1+
s__Lachnoanaerobaculum_saburreum,s__Veillonella_parvula,113,57,0.312240615764092,0.0840111513687523,0.228229464395339,0.150643836701142,g1+
s__Lachnoanaerobaculum_saburreum,s__Veillonella_sp._CLA_AA_H247,110,58,0.302181418969662,-0.0352597407322997,0.337441159701961,0.0363847506154931,g1+
s__Lachnoanaerobaculum_saburreum,s__Veillonella_tobetsuensis,112,58,0.373000227427716,0.153551895608716,0.219448331819,0.15166118213336,g1+
s__Lachnoanaerobaculum_sp._ICM7,s__Leptotrichia_sp._oral_taxon_215,72,34,0.425880466877445,0.391661978926129,0.0342184879513156,0.849271995095058,g1+
s__Lachnoanaerobaculum_sp._ICM7,s__Leptotrichia_sp._oral_taxon_221,73,37,0.305703461677902,0.272113308389224,0.0335901532886789,0.860807412941828,g1+
s__Lachnoanaerobaculum_sp._ICM7,s__Mogibacterium_diversum,65,36,0.433139316235808,0.363695008081837,0.0694443081539717,0.701417995562962,g1+
s__Lachnoanaerobaculum_sp._ICM7,s__Neisseria_mucosa,75,40,0.0173178981769863,-0.320281943597722,0.337599841774709,0.0842131381416429,g2-
s__Lachnoanaerobaculum_sp._ICM7,s__Oribacterium_sinus,74,39,0.223669437563803,0.383931074693519,0.160261637129716,0.386595268755703,g2+
s__Lachnoanaerobaculum_sp._ICM7,s__Peptostreptococcus_stomatis,63,34,0.320272606938129,0.0961046116633608,0.224167995274768,0.286912672896101,g1+
s__Lachnoanaerobaculum_sp._ICM7,s__Solobacterium_moorei,69,40,0.415534454600559,0.290075277652217,0.125459176948341,0.484316782989496,g1+
s__Lachnoanaerobaculum_sp._ICM7,s__Streptococcus_vestibularis,79,43,-0.327746403692291,-0.0917030207012921,0.236043382990999,0.20361530605075,g1-
s__Lancefieldella_parvula,s__Leptotrichia_wadei,102,61,0.363728327078404,0.137750815237672,0.225977511840733,0.142429430380391,g1+
s__Lancefieldella_parvula,s__Megasphaera_micronuciformis,89,51,0.533408238329459,0.474955031469415,0.0584532068600439,0.663267057463158,g1+
s__Lancefieldella_parvula,s__Mogibacterium_diversum,79,47,0.377888840498548,0.374928884590493,0.00295995590805437,0.985475638627508,g1+
s__Lancefieldella_parvula,s__Neisseria_flavescens,97,62,-0.349013552891956,-0.355296164977567,0.00628261208561126,0.965557513722542,g2-
s__Lancefieldella_parvula,s__Neisseria_meningitidis,103,65,-0.431570699451076,-0.353930087355173,0.0776406120959026,0.569692637634167,g1-
s__Lancefieldella_parvula,s__Neisseria_mucosa,104,64,-0.3988572582217,-0.431562166073497,0.032704907851797,0.807423912124208,g2-
s__Lancefieldella_parvula,s__Neisseria_sicca,104,63,-0.389161809887554,-0.255519601795593,0.133642208091961,0.359028487071798,g1-
s__Lancefieldella_parvula,s__Neisseria_sp._HMSC071A01,91,59,-0.383397405026631,-0.376183944014169,0.00721346101246201,0.960670895214252,g1-
s__Lancefieldella_parvula,s__Neisseria_sp._oral_taxon_014,93,55,-0.114697377718005,-0.304506193561459,0.189808815843454,0.252618716981793,g2-
s__Lancefieldella_parvula,s__Neisseria_subflava,98,62,-0.46183701156925,-0.324380139931031,0.137456871638219,0.325103392007558,g1-
s__Lancefieldella_parvula,s__Porphyromonas_bobii,82,48,-0.426079672288686,0.0107679372634245,0.436847609552111,0.0126163693767789,g1-
s__Lancefieldella_parvula,s__Porphyromonas_pasteri,81,49,-0.323728243217727,0.0709242253935594,0.394652468611287,0.0286321513985004,g1-
s__Lancefieldella_parvula,s__Porphyromonas_somerae,88,50,-0.476099530203796,-0.108219932552727,0.367879597651069,0.0243463002609916,g1-
s__Lancefieldella_parvula,s__Porphyromonas_sp._KLE_1280,85,46,-0.379312712536225,0.0526696530176117,0.431982365553836,0.0163729627334088,g1-
s__Lancefieldella_parvula,s__Porphyromonas_sp._oral_taxon_279,85,49,-0.358073831936748,-0.144354464341491,0.213719367595257,0.213211146252717,g1-
s__Lancefieldella_parvula,s__Prevotella_histicola,110,68,0.647615804730873,0.541628063887596,0.105987740843278,0.294881614215071,g1+
s__Lancefieldella_parvula,s__Prevotella_jejuni,110,64,0.568363688582673,0.526582520485897,0.0417811680967767,0.709818088317828,g1+
s__Lancefieldella_parvula,s__Prevotella_melaninogenica,111,67,0.346570478591632,0.222922545311282,0.12364793328035,0.392771130610196,g1+
s__Lancefieldella_parvula,s__Prevotella_pallens,109,64,0.401572003462874,0.353182508130099,0.0483894953327749,0.725412299988126,g1+
s__Lancefieldella_parvula,s__Prevotella_salivae,109,65,0.630972584476519,0.463358305626073,0.167614278850446,0.131002274457825,g1+
s__Lancefieldella_parvula,s__Prevotella_sp._oral_taxon_306,96,63,0.4831413463099,0.407540991708223,0.0756003546016767,0.568554418930478,g1+
s__Lancefieldella_parvula,s__Prevotella_vespertina,99,61,0.518457124933131,0.461696020624535,0.0567611043085952,0.653037554414708,g1+
s__Lancefieldella_parvula,s__Schaalia_odontolytica,110,67,0.446708080998226,0.395673888104611,0.0510341928936143,0.694467551578597,g1+
s__Lancefieldella_parvula,s__Schaalia_sp._ORNL0103,110,66,0.409294288678624,0.182557162230981,0.226737126447643,0.115227858286357,g1+
s__Lancefieldella_parvula,s__Solobacterium_moorei,85,57,0.395366124257206,0.384536619588083,0.0108295046691231,0.94190439807229,g1+
s__Lancefieldella_parvula,s__Streptococcus_australis,110,69,-0.475297020673978,-0.224403886468607,0.250893134205371,0.0651956235465188,g1-
s__Lancefieldella_parvula,s__Streptococcus_parasanguinis,111,69,0.326237642816248,0.362142186721403,0.0359045439051545,0.794295956419385,g2+
s__Lancefieldella_parvula,s__Streptococcus_pneumoniae,111,69,-0.109088653708741,-0.322547185325176,0.213458531616434,0.149907022698642,g2-
s__Lancefieldella_parvula,s__Streptococcus_rubneri,108,69,-0.403230635252892,-0.288924898848348,0.114305736404544,0.407516832221628,g1-
s__Lancefieldella_parvula,s__Streptococcus_sp._1001283B150225_161107_H12,105,65,-0.463849154971127,-0.188490118246675,0.275359036724452,0.0531226271618785,g1-
s__Lancefieldella_parvula,s__Streptococcus_sp._343_SSPC,106,62,-0.548464395719299,-0.11060328194635,0.437861113772949,0.00197641331202103,g1-
s__Lancefieldella_parvula,s__Streptococcus_sp._A12,103,65,-0.500667407742059,-0.118445242138022,0.382222165604036,0.00764106628305017,g1-
s__Lancefieldella_parvula,s__Streptococcus_sp._HSISS2,106,67,0.192172700467035,0.333345508613208,0.141172808146173,0.339603816511335,g2+
s__Lancefieldella_parvula,s__Streptococcus_sp._Marseille_Q0941,109,68,-0.339979795157848,-0.269069961643953,0.0709098335138946,0.619583862680488,g1-
s__Lancefieldella_parvula,s__Streptococcus_sp._Marseille_Q3533,109,67,-0.367371658626411,-0.179855778551025,0.187515880075386,0.198501384858874,g1-
s__Lancefieldella_parvula,s__Streptococcus_sp._XMC,106,67,-0.471383061137531,-0.0130269311746365,0.458356129962894,0.00172463463642192,g1-
s__Lancefieldella_parvula,s__Streptococcus_timonensis,110,69,-0.336776485166618,-0.150275886163501,0.186500599003117,0.203507270479318,g1-
s__Lancefieldella_parvula,s__Veillonella_atypica,111,69,0.566670952974038,0.558156443170242,0.00851450980379664,0.936466848182639,g1+
s__Lancefieldella_parvula,s__Veillonella_dispar,110,69,0.479224027758877,0.388706900932736,0.0905171268261409,0.475432385949132,g1+
s__Lancefieldella_parvula,s__Veillonella_nakazawae,109,69,0.463098702572612,0.411522255258783,0.0515764473138299,0.684056084487185,g1+
s__Lancefieldella_parvula,s__Veillonella_parvula,110,68,0.278563547861656,0.366419707721814,0.0878561598601574,0.532512726197728,g2+
s__Lancefieldella_parvula,s__Veillonella_sp._CLA_AA_H247,107,69,0.446062412021832,0.430899785666407,0.0151626263554245,0.905048621194486,g1+
s__Lautropia_mirabilis,s__Neisseria_sicca,106,53,0.306133237186929,0.278205216794415,0.0279280203925144,0.85937440301205,g1+
s__Lautropia_mirabilis,s__Neisseria_sp._HMSC071A01,97,53,0.224859929761414,0.339207886902469,0.114347957141056,0.477168752715718,g2+
s__Lautropia_mirabilis,s__Neisseria_sp._oral_taxon_014,98,49,0.427002261211497,0.19265162901824,0.234350632193257,0.146009326545364,g1+
s__Lautropia_mirabilis,s__Rothia_sp._HMSC062F03,99,53,-0.192245859460942,-0.408958864994055,0.216713005533113,0.169332366564062,g2-
s__Lautropia_mirabilis,s__Rothia_sp._HMSC072E10,101,52,-0.219963947342682,-0.407270952211835,0.187307004869153,0.232902108394705,g2-
s__Lautropia_mirabilis,s__Streptococcus_parasanguinis,108,56,-0.336853371875148,-0.464731605230404,0.127878233355256,0.364524488960789,g2-
s__Lautropia_mirabilis,s__Streptococcus_pseudopneumoniae,107,56,-0.195950791077039,-0.397022434836571,0.201071643759532,0.189190814539938,g2-
s__Lautropia_mirabilis,s__Streptococcus_sanguinis,108,56,0.306349722161382,0.152847618043044,0.153502104118338,0.334972539171474,g1+
s__Lautropia_mirabilis,s__Streptococcus_sp._1001283B150225_161107_H12,104,51,0.116025473834437,0.318003509953548,0.201978036119111,0.224649255374993,g2+
s__Lautropia_mirabilis,s__Streptococcus_sp._HMSC056C01,106,54,-0.303084517848287,-0.330284058826388,0.0271995409781008,0.859837226039547,g2-
s__Lautropia_mirabilis,s__Streptococcus_sp._HMSC061D10,107,55,-0.331561373326108,-0.265637536332545,0.0659238369935631,0.669830330830546,g1-
s__Lautropia_mirabilis,s__Streptococcus_sp._HMSC074B11,107,55,-0.340819307466545,-0.194663860953799,0.146155446512747,0.352717553769024,g1-
s__Lautropia_mirabilis,s__Streptococcus_sp._HPH0090,107,55,-0.201235440124377,-0.438364370839466,0.237128930715089,0.117055827116137,g2-
s__Lautropia_mirabilis,s__Streptococcus_sp._SK140,107,54,-0.377789553329672,-0.279278550618531,0.0985110027111413,0.517723268426855,g1-
s__Lautropia_mirabilis,s__Veillonella_sp._CLA_AA_H247,102,55,-0.00139739349919529,-0.33829833635164,0.336900942852444,0.0405479240664028,g2-
s__Leptotrichia_sp._oral_taxon_215,s__Leptotrichia_sp._oral_taxon_417,85,47,0.334167310781019,0.252876394516058,0.0812909162649612,0.633784238286981,g1+
s__Leptotrichia_sp._oral_taxon_215,s__Leptotrichia_wadei,97,45,0.3237241505088,0.086111685795782,0.237612464713018,0.178899429692701,g1+
s__Leptotrichia_sp._oral_taxon_215,s__Peptostreptococcus_stomatis,80,41,0.384526946650314,-0.0128372669909076,0.397364213641221,0.0349047946397405,g1+
s__Leptotrichia_sp._oral_taxon_215,s__Porphyromonas_somerae,91,44,0.293104822828957,0.310580907641568,0.0174760848126112,0.919000956213782,g2+
s__Leptotrichia_sp._oral_taxon_215,s__Rothia_dentocariosa,101,48,-0.385288486796602,-0.128709588724174,0.256578898072428,0.124217785227164,g1-
s__Leptotrichia_sp._oral_taxon_215,s__Rothia_sp._HMSC072E10,98,47,-0.310712447361473,-0.153174632564128,0.157537814797345,0.359936547882439,g1-
s__Leptotrichia_sp._oral_taxon_215,s__Streptococcus_cristatus,104,50,-0.165566209827449,-0.311083645319002,0.145517435491554,0.381142674426602,g2-
s__Leptotrichia_sp._oral_taxon_215,s__Streptococcus_mitis,104,50,-0.187448170834828,-0.332435046137922,0.144986875303094,0.377360514791309,g2-
s__Leptotrichia_sp._oral_taxon_215,s__Streptococcus_oralis,104,50,-0.254241280160172,-0.329295808840443,0.0750545286802707,0.6419706116266,g2-
s__Leptotrichia_sp._oral_taxon_215,s__Streptococcus_pneumoniae,104,50,-0.201460971643201,-0.357019110685993,0.155558139042792,0.337906393419184,g2-
s__Leptotrichia_sp._oral_taxon_215,s__Streptococcus_rubneri,104,49,0.28491021049909,0.345593737917366,0.0606835274182762,0.704696762572962,g2+
s__Leptotrichia_sp._oral_taxon_215,s__Streptococcus_sp._1001283B150225_161107_H12,101,47,0.302385976575727,0.381108358860686,0.0787223822849589,0.622996547512685,g2+
s__Leptotrichia_sp._oral_taxon_215,s__Streptococcus_sp._343_SSPC,102,47,0.269279994506201,0.378804130965116,0.109524136458915,0.49871218383193,g2+
s__Leptotrichia_sp._oral_taxon_215,s__Streptococcus_sp._A12,102,47,0.27029188787732,0.30693638881321,0.03664450093589,0.825355083790192,g2+
s__Leptotrichia_sp._oral_taxon_215,s__Streptococcus_sp._XMC,103,50,0.214085893864804,0.301575433678773,0.0874895398139692,0.595835040659145,g2+
s__Leptotrichia_sp._oral_taxon_215,s__Veillonella_rogosae,104,50,0.355927862044811,0.245104278844128,0.110823583200683,0.489541657901706,g1+
s__Leptotrichia_sp._oral_taxon_215,s__Veillonella_sp._oral_taxon_158,104,49,0.303105290544468,0.323559818695163,0.0204545281506954,0.898529998855479,g2+
s__Leptotrichia_sp._oral_taxon_215,s__Veillonella_sp._S13053_19,102,49,0.263805498741628,0.301921053923351,0.0381155551817229,0.816363049404278,g2+
s__Leptotrichia_sp._oral_taxon_218,s__Leptotrichia_sp._oral_taxon_221,83,44,0.708907114552802,0.679784780245921,0.0291223343068803,0.769547516444603,g1+
s__Leptotrichia_sp._oral_taxon_218,s__Leptotrichia_sp._oral_taxon_417,84,48,0.72471644784312,0.677482907860835,0.0472335399822852,0.616699672763439,g1+
s__Leptotrichia_sp._oral_taxon_218,s__Leptotrichia_wadei,87,48,0.675249439657695,0.590344589934767,0.0849048497229282,0.44165548414186,g1+
s__Leptotrichia_sp._oral_taxon_218,s__Megasphaera_micronuciformis,77,40,0.42190273372743,0.387384334770132,0.0345183989572989,0.837534945935135,g1+
s__Leptotrichia_sp._oral_taxon_218,s__Prevotella_histicola,85,50,0.309177467653306,0.150159798317098,0.159017669336208,0.357529301674975,g1+
s__Leptotrichia_sp._oral_taxon_218,s__Prevotella_intermedia,86,51,0.346633751213036,0.19199945249623,0.154634298716806,0.356494982199468,g1+
s__Leptotrichia_sp._oral_taxon_218,s__Prevotella_jejuni,85,49,0.531624778665298,0.232563070661112,0.299061708004187,0.0536204381690837,g1+
s__Leptotrichia_sp._oral_taxon_218,s__Prevotella_pallens,83,49,0.501764046024958,0.179582689329573,0.322181356695385,0.0454809111992711,g1+
s__Leptotrichia_sp._oral_taxon_218,s__Prevotella_salivae,85,50,0.438483205687173,0.319746327520834,0.118736878166339,0.447441552291463,g1+
s__Leptotrichia_sp._oral_taxon_218,s__Prevotella_sp._oral_taxon_306,78,48,0.484424396387653,0.227951510113763,0.25647288627389,0.115579078910897,g1+
s__Leptotrichia_sp._oral_taxon_218,s__Prevotella_vespertina,78,47,0.429408758452663,0.296594490425512,0.132814268027152,0.419230444562134,g1+
s__Leptotrichia_sp._oral_taxon_218,s__Rothia_mucilaginosa,89,51,-0.149315587191391,-0.310605516335546,0.161289929144155,0.343203181851451,g2-
s__Leptotrichia_sp._oral_taxon_218,s__Rothia_sp._HMSC065C12,88,51,-0.130703800883504,-0.371603550830601,0.240899749947097,0.151700636603773,g2-
s__Leptotrichia_sp._oral_taxon_218,s__Rothia_sp._HMSC072B04,89,50,-0.193359864411278,-0.383842660409672,0.190482795998393,0.249853414697294,g2-
s__Leptotrichia_sp._oral_taxon_218,s__Rothia_sp._P3C3_S176,87,49,-0.172490962634883,-0.378490349064926,0.205999386430043,0.221870635692311,g2-
s__Leptotrichia_sp._oral_taxon_218,s__Streptococcus_infantis,89,51,-0.29924071813769,-0.404376418469898,0.105135700332208,0.504733023472031,g2-
s__Leptotrichia_sp._oral_taxon_218,s__Streptococcus_oralis,89,51,-0.313622063815839,-0.249272272008777,0.0643497918070619,0.697954939553173,g1-
s__Leptotrichia_sp._oral_taxon_218,s__Streptococcus_sp._263_SSPC,89,51,-0.347109754527321,-0.336691442634185,0.0104183118931364,0.947791698952041,g1-
s__Leptotrichia_sp._oral_taxon_218,s__Streptococcus_sp._HMSC062D07,86,51,-0.296176682648495,-0.3967695453909,0.100592862742406,0.527807172498032,g2-
s__Leptotrichia_sp._oral_taxon_218,s__Streptococcus_sp._HMSC074B11,88,51,-0.28552344920327,-0.311863976780676,0.0263405275774067,0.872726398218915,g2-
s__Leptotrichia_sp._oral_taxon_218,s__Streptococcus_sp._HPH0090,89,50,-0.35720666834991,-0.391647153529721,0.0344404851798116,0.825198537877467,g2-
s__Leptotrichia_sp._oral_taxon_218,s__Streptococcus_sp._Marseille_Q0941,89,51,-0.332892527215497,-0.508771919531789,0.175879392316292,0.232759040575432,g2-
s__Leptotrichia_sp._oral_taxon_218,s__Streptococcus_sp._Marseille_Q3533,88,50,-0.166827833646238,-0.353297248883276,0.186469415237038,0.269289337519412,g2-
s__Leptotrichia_sp._oral_taxon_218,s__Streptococcus_sp._Marseille_Q4154,88,50,-0.321027442636685,-0.374907428426086,0.0538799857894011,0.735820842242241,g2-
s__Leptotrichia_sp._oral_taxon_218,s__Streptococcus_sp._Marseille_Q6470,88,49,-0.343517416622642,-0.469886949610255,0.126369532987613,0.406765892731136,g2-
s__Leptotrichia_sp._oral_taxon_218,s__Streptococcus_sp._oral_taxon_431,89,51,-0.319899934242589,-0.354584385604824,0.0346844513622358,0.828012772667472,g2-
s__Leptotrichia_sp._oral_taxon_218,s__Veillonella_tobetsuensis,88,51,0.378428339799742,0.350770686976917,0.0276576528228251,0.85974985859913,g1+
s__Leptotrichia_sp._oral_taxon_221,s__Leptotrichia_sp._oral_taxon_417,89,50,0.738865736149392,0.721380255526133,0.0174854806232585,0.836393316399824,g1+
s__Leptotrichia_sp._oral_taxon_221,s__Leptotrichia_wadei,97,50,0.733515767141123,0.621739344230719,0.111776422910404,0.243258124202588,g1+
s__Leptotrichia_sp._oral_taxon_221,s__Prevotella_histicola,97,52,0.327360135138878,0.29180105371953,0.0355590814193483,0.823348986108606,g1+
s__Leptotrichia_sp._oral_taxon_221,s__Prevotella_jejuni,94,51,0.452724210890647,0.377175603718175,0.0755486071724724,0.608556712484733,g1+
s__Leptotrichia_sp._oral_taxon_221,s__Prevotella_melaninogenica,98,52,0.34618758832134,0.11194790350459,0.23423968481675,0.15737954124872,g1+
s__Leptotrichia_sp._oral_taxon_221,s__Prevotella_pallens,96,51,0.489069037540539,0.347796669281373,0.141272368259166,0.333427967724032,g1+
s__Leptotrichia_sp._oral_taxon_221,s__Prevotella_salivae,96,52,0.365803114232942,0.350084310397772,0.0157188038351702,0.918649210968634,g1+
s__Leptotrichia_sp._oral_taxon_221,s__Prevotella_sp._oral_taxon_306,86,51,0.414311508658336,0.393020355609932,0.0212911530484046,0.888436487440518,g1+
s__Leptotrichia_sp._oral_taxon_221,s__Prevotella_vespertina,88,48,0.395512062939786,0.365809027131162,0.029703035808624,0.850525354072499,g1+
s__Leptotrichia_sp._oral_taxon_221,s__Rothia_mucilaginosa,101,52,-0.125089507708821,-0.419574306968033,0.294484799259213,0.0661938012797645,g2-
s__Leptotrichia_sp._oral_taxon_221,s__Rothia_sp._HMSC065C12,100,52,-0.0725279923104115,-0.428896708349064,0.356368716038652,0.0276825703986048,g2-
s__Leptotrichia_sp._oral_taxon_221,s__Rothia_sp._HMSC072B04,101,51,-0.102116993818585,-0.44206866712879,0.339951673310205,0.0345675736680453,g2-
s__Leptotrichia_sp._oral_taxon_221,s__Rothia_sp._P3C3_S176,98,50,-0.182226193874892,-0.497962806786287,0.315736612911395,0.04219052021962,g2-
s__Leptotrichia_sp._oral_taxon_221,s__Solobacterium_moorei,78,47,0.314265875601032,-0.00736370911024913,0.321629584711281,0.0798306094659693,g1+
s__Leptotrichia_sp._oral_taxon_221,s__Streptococcus_infantis,101,52,-0.159729272149595,-0.479726864990193,0.319997592840597,0.0388037345351531,g2-
s__Leptotrichia_sp._oral_taxon_221,s__Streptococcus_mitis,101,52,-0.329545656785612,-0.259041158263465,0.0705044985221478,0.658885227591149,g1-
s__Leptotrichia_sp._oral_taxon_221,s__Streptococcus_oralis,101,52,-0.318674970463454,-0.0965364910430968,0.222138479420357,0.182330943077489,g1-
s__Leptotrichia_sp._oral_taxon_221,s__Streptococcus_pseudopneumoniae,101,52,-0.160446090708763,-0.301759609150343,0.141313518441579,0.39250056450367,g2-
s__Leptotrichia_sp._oral_taxon_221,s__Streptococcus_sp._263_SSPC,100,52,-0.237878520600762,-0.498631081407892,0.26075256080713,0.0818598374478507,g2-
s__Leptotrichia_sp._oral_taxon_221,s__Streptococcus_sp._F0442,100,52,-0.127547344106769,-0.301713355553102,0.174166011446333,0.296004913715425,g2-
s__Leptotrichia_sp._oral_taxon_221,s__Streptococcus_sp._HMSC034E03,100,52,-0.09645654240449,-0.335830202952066,0.239373660547576,0.149467793258732,g2-
s__Leptotrichia_sp._oral_taxon_221,s__Streptococcus_sp._HMSC056C01,100,51,-0.219714251526074,-0.386871192479465,0.167156940953391,0.29511918836669,g2-
s__Leptotrichia_sp._oral_taxon_221,s__Streptococcus_sp._HMSC061D10,100,52,-0.163698686689887,-0.363374312774186,0.199675626084298,0.21867878739759,g2-
s__Leptotrichia_sp._oral_taxon_221,s__Streptococcus_sp._HMSC062D07,99,52,-0.241793110585368,-0.485345649156884,0.243552538571516,0.106643679066699,g2-
s__Leptotrichia_sp._oral_taxon_221,s__Streptococcus_sp._HMSC067H01,100,52,-0.139292638931352,-0.416150341249362,0.27685770231801,0.0840222293261044,g2-
s__Leptotrichia_sp._oral_taxon_221,s__Streptococcus_sp._HMSC074B11,100,52,-0.134935300455373,-0.431660219910287,0.296724919454915,0.062739477061736,g2-
s__Leptotrichia_sp._oral_taxon_221,s__Streptococcus_sp._HPH0090,100,52,-0.247338830396763,-0.51378756451102,0.266448734114257,0.072031129934627,g2-
s__Leptotrichia_sp._oral_taxon_221,s__Streptococcus_sp._Marseille_Q0941,100,52,-0.207444819853844,-0.554706604938763,0.347261785084919,0.0179869425937105,g2-
s__Leptotrichia_sp._oral_taxon_221,s__Streptococcus_sp._Marseille_Q3533,100,51,-0.0857811675748903,-0.405625969771113,0.319844802196223,0.0510072689569008,g2-
s__Leptotrichia_sp._oral_taxon_221,s__Streptococcus_sp._Marseille_Q4154,101,51,-0.228353717535582,-0.454123306223709,0.225769588688128,0.143953194011806,g2-
s__Leptotrichia_sp._oral_taxon_221,s__Streptococcus_sp._Marseille_Q6470,100,50,-0.240134860983695,-0.504827384227662,0.264692523243967,0.0802844399364431,g2-
s__Leptotrichia_sp._oral_taxon_221,s__Streptococcus_sp._oral_taxon_061,98,51,-0.204040060172901,-0.462665957624373,0.258625897451473,0.0971534322033203,g2-
s__Leptotrichia_sp._oral_taxon_221,s__Streptococcus_sp._oral_taxon_431,101,52,-0.227369240514932,-0.46249942883599,0.235130188321057,0.12407837659785,g2-
s__Leptotrichia_sp._oral_taxon_221,s__Streptococcus_sp._SK140,99,51,-0.193940291832948,-0.359182137231091,0.165241845398144,0.309863204105747,g2-
s__Leptotrichia_sp._oral_taxon_221,s__Streptococcus_sp._XMC,99,51,-0.164391907581223,-0.304436099602636,0.140044192021412,0.400870582436617,g2-
s__Leptotrichia_sp._oral_taxon_221,s__Streptococcus_timonensis,98,52,-0.0705439808452588,-0.338275271292984,0.267731290447725,0.109508940442435,g2-
s__Leptotrichia_sp._oral_taxon_221,s__Veillonella_atypica,100,52,0.319019033779096,0.350332482972837,0.0313134491937412,0.840519937459661,g2+
s__Leptotrichia_sp._oral_taxon_221,s__Veillonella_tobetsuensis,99,52,0.366081140711243,0.37327464073179,0.0071935000205462,0.962147939926017,g2+
s__Leptotrichia_sp._oral_taxon_417,s__Leptotrichia_wadei,96,58,0.826128851580507,0.783066984222343,0.0430618673581633,0.471178556918832,g1+
s__Leptotrichia_sp._oral_taxon_417,s__Megasphaera_micronuciformis,80,43,0.339710078543182,0.297049342630036,0.0426607359131465,0.807515916420069,g1+
s__Leptotrichia_sp._oral_taxon_417,s__Prevotella_histicola,94,60,0.252106705567094,0.352794634877518,0.100687929310424,0.511209284948565,g2+
s__Leptotrichia_sp._oral_taxon_417,s__Prevotella_jejuni,92,57,0.469011855730915,0.445264355167279,0.0237475005636362,0.861816482724036,g1+
s__Leptotrichia_sp._oral_taxon_417,s__Prevotella_pallens,92,56,0.458528163904178,0.467439383359254,0.00891121945507606,0.947876035523246,g2+
s__Leptotrichia_sp._oral_taxon_417,s__Prevotella_salivae,92,57,0.396084156945395,0.447582520099809,0.0514983631544146,0.716338178607714,g2+
s__Leptotrichia_sp._oral_taxon_417,s__Prevotella_sp._oral_taxon_306,84,55,0.308845867407342,0.383316732710974,0.0744708653036321,0.633718652652731,g2+
s__Leptotrichia_sp._oral_taxon_417,s__Prevotella_vespertina,85,53,0.284500007531573,0.369706424306033,0.0852064167744593,0.594515145066226,g2+
s__Leptotrichia_sp._oral_taxon_417,s__Rothia_mucilaginosa,98,61,-0.235830973601204,-0.404149425230296,0.168318451629092,0.258616703475032,g2-
s__Leptotrichia_sp._oral_taxon_417,s__Rothia_sp._HMSC072B04,97,60,-0.168900581252862,-0.341024608045334,0.172124026792472,0.27119248159356,g2-
s__Leptotrichia_sp._oral_taxon_417,s__Rothia_sp._HMSC072E10,92,57,-0.315265357319915,-0.274992243085956,0.0402731142339584,0.798103144805355,g1-
s__Leptotrichia_sp._oral_taxon_417,s__Rothia_sp._P3C3_S176,94,59,-0.221606757494951,-0.411667679776872,0.190060922281921,0.21136326838152,g2-
s__Leptotrichia_sp._oral_taxon_417,s__Streptococcus_infantis,98,62,-0.244777354523628,-0.398260451009807,0.153483096486179,0.300186520197537,g2-
s__Leptotrichia_sp._oral_taxon_417,s__Streptococcus_mitis,98,62,-0.272730764639589,-0.305751575935348,0.0330208112957598,0.827873996122711,g2-
s__Leptotrichia_sp._oral_taxon_417,s__Streptococcus_oralis,98,62,-0.264699333298623,-0.337720666970863,0.0730213336722406,0.62780412657923,g2-
s__Leptotrichia_sp._oral_taxon_417,s__Streptococcus_sp._263_SSPC,97,62,-0.209328789400702,-0.343908701024378,0.134579911623676,0.379230572124759,g2-
s__Leptotrichia_sp._oral_taxon_417,s__Streptococcus_sp._HMSC056C01,97,61,-0.29884922073734,-0.351610990828716,0.0527617700913756,0.723710481098182,g2-
s__Leptotrichia_sp._oral_taxon_417,s__Streptococcus_sp._HMSC061D10,97,62,-0.224162944039035,-0.305958850058815,0.0817959060197798,0.596047014585084,g2-
s__Leptotrichia_sp._oral_taxon_417,s__Streptococcus_sp._HMSC062D07,95,62,-0.226936763789972,-0.439741892373049,0.212805128583078,0.148554735252728,g2-
s__Leptotrichia_sp._oral_taxon_417,s__Streptococcus_sp._HMSC067H01,97,62,-0.176662159131506,-0.35925475102285,0.182592591891344,0.234420379954506,g2-
s__Leptotrichia_sp._oral_taxon_417,s__Streptococcus_sp._HMSC074B11,96,62,-0.254028899945279,-0.421230510805584,0.167201610860305,0.254957864915373,g2-
s__Leptotrichia_sp._oral_taxon_417,s__Streptococcus_sp._HPH0090,97,61,-0.29843936426356,-0.374607256872261,0.0761678926087016,0.606655037645258,g2-
s__Leptotrichia_sp._oral_taxon_417,s__Streptococcus_sp._Marseille_Q0941,97,62,-0.285048163110313,-0.502403350704841,0.217355187594528,0.118418972109444,g2-
s__Leptotrichia_sp._oral_taxon_417,s__Streptococcus_sp._Marseille_Q4154,96,61,-0.30371968446951,-0.411942194995097,0.108222510525588,0.457404266906012,g2-
s__Leptotrichia_sp._oral_taxon_417,s__Streptococcus_sp._Marseille_Q6470,95,60,-0.279302491342555,-0.467007287490883,0.187704796148329,0.193237379998241,g2-
s__Leptotrichia_sp._oral_taxon_417,s__Streptococcus_sp._oral_taxon_061,94,60,-0.217715310838534,-0.319511509493615,0.101796198655081,0.515498691766096,g2-
s__Leptotrichia_sp._oral_taxon_417,s__Streptococcus_sp._oral_taxon_431,98,62,-0.247738810642057,-0.404529623513142,0.156790812871085,0.288190454947129,g2-
s__Leptotrichia_sp._oral_taxon_417,s__Streptococcus_sp._SK140,95,61,-0.271147473147545,-0.303024397788599,0.0318769246410548,0.835831792422402,g2-
s__Leptotrichia_sp._oral_taxon_417,s__Veillonella_atypica,97,62,0.310230362355306,0.33163299927082,0.021402636915514,0.885766663635584,g2+
s__Leptotrichia_sp._oral_taxon_417,s__Veillonella_tobetsuensis,96,61,0.474397156202617,0.456527523838464,0.0178696323641527,0.891543213565917,g1+
s__Leptotrichia_wadei,s__Megasphaera_micronuciformis,89,45,0.334592081541458,0.138679126131295,0.195912955410163,0.268245906280314,g1+
s__Leptotrichia_wadei,s__Prevotella_intermedia,111,64,0.235508956457658,0.324421873648435,0.0889129171907774,0.546558468790736,g2+
s__Leptotrichia_wadei,s__Prevotella_jejuni,109,59,0.448501165475544,0.391781124866807,0.0567200406087371,0.67653861005775,g1+
s__Leptotrichia_wadei,s__Prevotella_melaninogenica,114,63,0.302136250709983,0.31942079485089,0.0172845441409064,0.904953749885422,g2+
s__Leptotrichia_wadei,s__Prevotella_pallens,108,58,0.428828223944408,0.509440382632215,0.0806121586878069,0.534013811264417,g2+
s__Leptotrichia_wadei,s__Prevotella_salivae,109,59,0.38762502567604,0.378940041421035,0.00868498425500458,0.950860359707091,g1+
s__Leptotrichia_wadei,s__Prevotella_sp._oral_taxon_306,94,58,0.338847613128952,0.419701089191377,0.0808534760624255,0.579904281941373,g2+
s__Leptotrichia_wadei,s__Prevotella_vespertina,96,55,0.31091375011094,0.353232327525352,0.0423185774144121,0.783506127801987,g2+
s__Leptotrichia_wadei,s__Rothia_mucilaginosa,116,65,-0.133003313758289,-0.394921143942762,0.261917830184473,0.0725244467518429,g2-
s__Leptotrichia_wadei,s__Rothia_sp._HMSC072E10,110,61,-0.203702817572006,-0.33844653026389,0.134743712691884,0.371411907686273,g2-
s__Leptotrichia_wadei,s__Rothia_sp._P3C3_S176,112,63,-0.162235640623995,-0.452349477596078,0.290113836972082,0.0438691545742336,g2-
s__Leptotrichia_wadei,s__Streptococcus_infantis,116,66,-0.274960271374559,-0.310993167103215,0.0360328957286562,0.802026287028996,g2-
s__Leptotrichia_wadei,s__Streptococcus_mitis,116,66,-0.320678124593142,-0.36013501893185,0.0394568943387079,0.776489533098492,g2-
s__Leptotrichia_wadei,s__Streptococcus_oralis,116,66,-0.280980194664196,-0.363071202494903,0.0820910078307073,0.559870055846636,g2-
s__Leptotrichia_wadei,s__Streptococcus_sp._263_SSPC,115,65,-0.189344768619885,-0.312386898909366,0.123042130289481,0.40602060854897,g2-
s__Leptotrichia_wadei,s__Streptococcus_sp._HMSC056C01,114,64,-0.261740776382633,-0.340294851285116,0.0785540749024832,0.587538006821934,g2-
s__Leptotrichia_wadei,s__Streptococcus_sp._HMSC062D07,112,65,-0.305341429143646,-0.286442784219782,0.0188986449238631,0.896398169012888,g1-
s__Leptotrichia_wadei,s__Streptococcus_sp._HMSC067H01,115,66,-0.240447946699276,-0.363499728929759,0.123051782230483,0.388999112218713,g2-
s__Leptotrichia_wadei,s__Streptococcus_sp._HMSC074B11,114,65,-0.218137371130308,-0.330013713752313,0.111876342622005,0.444822110524069,g2-
s__Leptotrichia_wadei,s__Streptococcus_sp._HPH0090,115,64,-0.2984705958709,-0.3815685172076,0.0830979213366996,0.554481736107937,g2-
s__Leptotrichia_wadei,s__Streptococcus_sp._Marseille_Q0941,115,65,-0.303867635139935,-0.373494118262289,0.0696264831223539,0.619058774435492,g2-
s__Leptotrichia_wadei,s__Streptococcus_sp._Marseille_Q4154,113,64,-0.365906429231841,-0.275671454004262,0.0902349752275787,0.528182366482922,g1-
s__Leptotrichia_wadei,s__Streptococcus_sp._Marseille_Q6470,113,63,-0.378647408986206,-0.282953443206584,0.095693965779622,0.502616883809751,g1-
s__Leptotrichia_wadei,s__Streptococcus_sp._oral_taxon_431,116,66,-0.281160242849812,-0.327421980565221,0.0462617377154098,0.74568473271396,g2-
s__Leptotrichia_wadei,s__Streptococcus_sp._SK140,113,64,-0.206432769381522,-0.32771818293791,0.121285413556388,0.412487658041153,g2-
s__Leptotrichia_wadei,s__Veillonella_atypica,115,66,0.403114377112182,0.226310483923514,0.176803893188668,0.210816993156933,g1+
s__Leptotrichia_wadei,s__Veillonella_tobetsuensis,114,64,0.544977375117505,0.385056201930505,0.159921173187,0.197870890116498,g1+
s__Megasphaera_micronuciformis,s__Mogibacterium_diversum,72,39,0.343661170863059,0.102503582391389,0.24115758847167,0.21419968749139,g1+
s__Megasphaera_micronuciformis,s__Neisseria_meningitidis,86,48,-0.221873847494183,-0.316859473143955,0.0949856256497712,0.579696758647068,g2-
s__Megasphaera_micronuciformis,s__Neisseria_mucosa,87,47,-0.135786660841131,-0.364598770923791,0.228812110082661,0.187012443709142,g2-
s__Megasphaera_micronuciformis,s__Prevotella_histicola,93,51,0.636939215923887,0.575885141369524,0.0610540745543632,0.588393545029129,g1+
s__Megasphaera_micronuciformis,s__Prevotella_intermedia,93,51,0.454873039020359,0.220447096605216,0.234425942415143,0.135645893960741,g1+
s__Megasphaera_micronuciformis,s__Prevotella_jejuni,92,49,0.633265654985726,0.505431832049311,0.127833822936415,0.294720557806005,g1+
s__Megasphaera_micronuciformis,s__Prevotella_melaninogenica,93,51,0.34274715435682,0.129567507406232,0.213179646950588,0.204254288495022,g1+
s__Megasphaera_micronuciformis,s__Prevotella_nanceiensis,89,51,0.404132126941517,0.161529043927646,0.242603083013871,0.140405492289188,g1+
s__Megasphaera_micronuciformis,s__Prevotella_pallens,92,50,0.404749966135183,0.267673906706216,0.137076059428967,0.390121202101439,g1+
s__Megasphaera_micronuciformis,s__Prevotella_salivae,93,51,0.675748591716032,0.596542132281976,0.0792064594340562,0.455147982033668,g1+
s__Megasphaera_micronuciformis,s__Prevotella_sp._oral_taxon_306,86,51,0.678421742282537,0.489646102054905,0.188775640227632,0.109040395514511,g1+
s__Megasphaera_micronuciformis,s__Prevotella_vespertina,85,49,0.671041581181608,0.529640290528064,0.141401290653544,0.226084587605744,g1+
s__Megasphaera_micronuciformis,s__Rothia_sp._HMSC065C12,93,51,-0.160115070695925,-0.328733394292644,0.168618323596719,0.314145795956617,g2-
s__Megasphaera_micronuciformis,s__Schaalia_odontolytica,92,51,0.357958578987981,0.140120020864404,0.217838558123577,0.192280275282724,g1+
s__Megasphaera_micronuciformis,s__Solobacterium_moorei,77,45,0.340727507901218,0.216502717303463,0.124224790597755,0.484906470217876,g1+
s__Megasphaera_micronuciformis,s__Streptococcus_australis,92,51,-0.497126022332467,-0.323523121856004,0.173602900476464,0.241143739511204,g1-
s__Megasphaera_micronuciformis,s__Streptococcus_infantis,92,51,-0.313042792223311,-0.384179172176317,0.0711363799530056,0.650889573307508,g2-
s__Megasphaera_micronuciformis,s__Streptococcus_mitis,93,51,-0.329841422850064,-0.15669375100649,0.173147671843574,0.301533953618185,g1-
s__Megasphaera_micronuciformis,s__Streptococcus_pneumoniae,93,51,-0.314080222889371,-0.0509671913614206,0.263113031527951,0.125191552202859,g1-
s__Megasphaera_micronuciformis,s__Streptococcus_rubneri,90,51,-0.457451457526986,-0.252905810494803,0.204545647032183,0.190134839736199,g1-
s__Megasphaera_micronuciformis,s__Streptococcus_sp._1001283B150225_161107_H12,88,48,-0.485150017769909,-0.268605540662768,0.216544477107142,0.16770872517058,g1-
s__Megasphaera_micronuciformis,s__Streptococcus_sp._343_SSPC,89,47,-0.485072439250836,-0.292284649203997,0.192787790046838,0.217585042523037,g1-
s__Megasphaera_micronuciformis,s__Streptococcus_sp._A12,86,49,-0.472469666201867,-0.325169258586418,0.147300407615449,0.338790058198082,g1-
s__Megasphaera_micronuciformis,s__Streptococcus_sp._F0442,91,51,-0.315682217806629,0.0305866873329218,0.346268905139551,0.0463676749431847,g1-
s__Megasphaera_micronuciformis,s__Streptococcus_sp._HMSC034E03,91,51,-0.310656977459468,-0.138421437775643,0.172235539683825,0.310557891312924,g1-
s__Megasphaera_micronuciformis,s__Streptococcus_sp._HMSC061D10,91,51,-0.324072490751513,-0.161633779389505,0.162438711362008,0.334622797496776,g1-
s__Megasphaera_micronuciformis,s__Streptococcus_sp._HMSC062D07,89,51,-0.286772342221803,-0.392756847961428,0.105984505739625,0.505352572812513,g2-
s__Megasphaera_micronuciformis,s__Streptococcus_sp._HMSC067H01,91,51,-0.484498919042909,-0.397675285528853,0.0868236335140553,0.547388719309548,g1-
s__Megasphaera_micronuciformis,s__Streptococcus_sp._M334,90,51,-0.31624114189258,0.00545523990577272,0.321696381798353,0.0640793164720739,g1-
s__Megasphaera_micronuciformis,s__Streptococcus_sp._Marseille_Q0941,91,51,-0.4919550941985,-0.545708481389011,0.0537533871905109,0.681624262107861,g2-
s__Megasphaera_micronuciformis,s__Streptococcus_sp._Marseille_Q3533,91,50,-0.397748306106255,-0.405559848585961,0.00781154247970572,0.958883194396309,g2-
s__Megasphaera_micronuciformis,s__Streptococcus_sp._Marseille_Q4154,91,50,-0.343383588581732,-0.463729549232983,0.120345960651252,0.425007821812965,g2-
s__Megasphaera_micronuciformis,s__Streptococcus_sp._Marseille_Q6470,91,50,-0.286878925580374,-0.426266209738603,0.139387284158229,0.37534086903478,g2-
s__Megasphaera_micronuciformis,s__Streptococcus_sp._oral_taxon_061,90,51,-0.262807119413463,-0.303861312124082,0.0410541927106195,0.803890257206497,g2-
s__Megasphaera_micronuciformis,s__Streptococcus_sp._oral_taxon_431,92,51,-0.384850271350432,-0.360710594502578,0.0241396768478535,0.875584352082847,g1-
s__Megasphaera_micronuciformis,s__Streptococcus_sp._XMC,89,50,-0.489730719672959,-0.166420319711765,0.323310399961195,0.0426434540443195,g1-
s__Megasphaera_micronuciformis,s__Streptococcus_timonensis,92,51,-0.413016534723279,-0.336973327026033,0.0760432076972465,0.62089811650063,g1-
s__Megasphaera_micronuciformis,s__Veillonella_atypica,93,51,0.594445584059865,0.518721431121768,0.0757241529380971,0.538535428306573,g1+
s__Megasphaera_micronuciformis,s__Veillonella_dispar,93,51,0.512107719515462,0.331961499668464,0.180146219846998,0.217205869707424,g1+
s__Megasphaera_micronuciformis,s__Veillonella_nakazawae,92,51,0.498518845053858,0.369734879291506,0.128783965762351,0.373954994282126,g1+
s__Megasphaera_micronuciformis,s__Veillonella_parvula,93,50,0.470960412255267,0.325481562468137,0.14547884978713,0.334904868098012,g1+
s__Megasphaera_micronuciformis,s__Veillonella_sp._CLA_AA_H247,91,51,0.501565348899542,0.313994618096635,0.187570730802907,0.20699391678075,g1+
s__Megasphaera_micronuciformis,s__Veillonella_tobetsuensis,93,51,0.323651610458775,0.365468854491569,0.0418172440327937,0.790581587221583,g2+
s__Mogibacterium_diversum,s__Neisseria_flavescens,78,42,-0.319939227598191,-0.284389468987191,0.0355497586110007,0.842890321439954,g1-
s__Mogibacterium_diversum,s__Neisseria_meningitidis,81,45,-0.315844384644153,-0.329566569270079,0.013722184625926,0.936210143112766,g2-
s__Mogibacterium_diversum,s__Neisseria_mucosa,81,44,-0.215161950438962,-0.373266135944382,0.15810418550542,0.36805354150875,g2-
s__Mogibacterium_diversum,s__Neisseria_sicca,81,43,-0.355851403733156,-0.20576268815996,0.150088715573196,0.400833127046473,g1-
s__Mogibacterium_diversum,s__Neisseria_sp._HMSC071A01,73,40,-0.273097269830916,-0.474408252227678,0.201310982396763,0.246530414421736,g2-
s__Mogibacterium_diversum,s__Neisseria_sp._oral_taxon_014,74,38,-0.234564474630687,-0.429533588603503,0.194969113972817,0.286104179123003,g2-
s__Mogibacterium_diversum,s__Neisseria_subflava,76,42,-0.271905642186308,-0.329252215666313,0.0573465734800049,0.750500155004465,g2-
s__Mogibacterium_diversum,s__Oribacterium_sinus,77,42,0.320721266129606,0.434920344827002,0.114199078697395,0.499892753293507,g2+
s__Mogibacterium_diversum,s__Parvimonas_micra,76,46,0.297769713549429,0.357352971403611,0.0595832578541815,0.728310585605011,g2+
s__Mogibacterium_diversum,s__Peptostreptococcus_stomatis,68,40,0.30809672302048,0.286907483342291,0.0211892396781886,0.910120029399486,g1+
s__Mogibacterium_diversum,s__Prevotella_histicola,83,47,0.362264661426143,-0.0890343597172357,0.451299021143378,0.01250594340288,g1+
s__Mogibacterium_diversum,s__Prevotella_melaninogenica,85,47,0.344209605894943,0.0555833749175636,0.288626230977379,0.104680130356655,g1+
s__Mogibacterium_diversum,s__Prevotella_pallens,81,46,0.346250596149587,0.305167318920378,0.0410832772292087,0.808761255346186,g1+
s__Mogibacterium_diversum,s__Schaalia_odontolytica,84,47,0.34557958651187,0.259738527816111,0.0858410586957591,0.613514532716391,g1+
s__Mogibacterium_diversum,s__Schaalia_sp._ORNL0103,85,47,0.364419353596772,0.118406593882034,0.246012759714738,0.159309429716726,g1+
s__Mogibacterium_diversum,s__Solobacterium_moorei,76,45,0.57474206476039,0.623819861754843,0.0490777969944534,0.692236866262752,g2+
s__Mogibacterium_diversum,s__Streptococcus_sp._343_SSPC,84,44,-0.139256950516403,0.353255520890671,0.492512471407074,0.00787549112778096,g2+
s__Neisseria_flavescens,s__Neisseria_meningitidis,125,71,0.780097379170528,0.827698322695426,0.0476009435248981,0.371784478626528,g2+
s__Neisseria_flavescens,s__Neisseria_mucosa,126,70,0.562106693255139,0.561599923827596,0.000506769427542908,0.996108633253464,g1+
s__Neisseria_flavescens,s__Neisseria_sicca,125,71,0.549976294355067,0.661318003849039,0.111341709493972,0.242687848144584,g2+
s__Neisseria_flavescens,s__Neisseria_sp._HMSC071A01,119,68,0.722343095147892,0.827000971738802,0.10465787659091,0.085956406223429,g2+
s__Neisseria_flavescens,s__Neisseria_sp._oral_taxon_014,117,64,0.369731817452464,0.487951835611303,0.118220018158839,0.359846754166697,g2+
s__Neisseria_flavescens,s__Neisseria_subflava,123,70,0.798383756245724,0.890971501957769,0.092587745712045,0.0292516135858374,g2+
s__Neisseria_flavescens,s__Oribacterium_sinus,96,49,-0.331402670393201,-0.0816358837881261,0.249766786605075,0.145187065314189,g1-
s__Neisseria_flavescens,s__Parvimonas_micra,103,58,-0.324533850297765,-0.367917764192705,0.0433839138949402,0.768979810357017,g2-
s__Neisseria_flavescens,s__Porphyromonas_bobii,99,53,0.38947952345244,0.133511349819853,0.255968173632586,0.112390161362269,g1+
s__Neisseria_flavescens,s__Porphyromonas_pasteri,98,54,0.33693408700364,0.0972173677701899,0.23971671923345,0.144828618834977,g1+
s__Neisseria_flavescens,s__Prevotella_histicola,114,67,-0.254934249291206,-0.345570351327126,0.0906361020359195,0.525191964128576,g2-
s__Neisseria_flavescens,s__Rothia_dentocariosa,118,66,-0.125679236342204,-0.361456397383501,0.235777161041297,0.10759982063922,g2-
s__Neisseria_flavescens,s__Rothia_mucilaginosa,126,70,-0.286808962301714,-0.347624751360574,0.06081578905886,0.655915957024022,g2-
s__Neisseria_flavescens,s__Rothia_sp._HMSC062F03,114,67,-0.296657564837189,-0.447392962446976,0.150735397609787,0.263260128382202,g2-
s__Neisseria_flavescens,s__Rothia_sp._HMSC072E10,118,66,-0.155968055041786,-0.363397851163468,0.207429796121683,0.153819035007978,g2-
s__Neisseria_flavescens,s__Schaalia_odontolytica,122,69,-0.411358985258006,-0.431366205510258,0.020007220252252,0.87405174538471,g2-
s__Neisseria_flavescens,s__Schaalia_sp._ORNL0103,118,64,-0.330403214857197,-0.163496485403476,0.166906729453721,0.260297817804093,g1-
s__Neisseria_flavescens,s__Streptococcus_cristatus,126,71,-0.314301633574305,-0.421430837779697,0.107129204205393,0.411446033364304,g2-
s__Neisseria_flavescens,s__Streptococcus_gordonii,126,71,-0.305787074603446,-0.440102081189568,0.134315006586122,0.300479349588256,g2-
s__Neisseria_flavescens,s__Streptococcus_parasanguinis,126,71,-0.526978867792723,-0.560648100981971,0.0336692331892481,0.751640299080686,g2-
s__Neisseria_flavescens,s__Streptococcus_salivarius,126,71,-0.441448752401732,-0.34243138401795,0.0990173683837816,0.438066744924955,g1-
s__Neisseria_flavescens,s__Streptococcus_sp._HMSC056C01,125,69,-0.249159578573182,-0.437803917374779,0.188644338801597,0.159422048317112,g2-
s__Neisseria_flavescens,s__Streptococcus_sp._HMSC061D10,126,70,-0.221774493268978,-0.376148450864021,0.154373957595043,0.262761327170971,g2-
s__Neisseria_flavescens,s__Streptococcus_sp._HMSC074B11,126,70,-0.144318277209744,-0.374614047081899,0.230295769872155,0.101789830076752,g2-
s__Neisseria_flavescens,s__Streptococcus_sp._HPH0090,126,69,-0.266626835483906,-0.425097731671687,0.158470896187781,0.236385908177744,g2-
s__Neisseria_flavescens,s__Streptococcus_sp._HSISS2,120,68,-0.327590568824464,-0.298023097038534,0.0295674717859292,0.832197313080007,g1-
s__Neisseria_flavescens,s__Streptococcus_sp._oral_taxon_431,126,71,-0.102853371229691,-0.318973718611031,0.216120347381341,0.132568199609433,g2-
s__Neisseria_flavescens,s__Streptococcus_sp._SK140,126,69,-0.332362397167925,-0.472434843243248,0.140072446075323,0.271683303479055,g2-
s__Neisseria_flavescens,s__Veillonella_atypica,124,70,-0.249926286412951,-0.330941897720064,0.0810156113071128,0.560906144611303,g2-
s__Neisseria_flavescens,s__Veillonella_dispar,125,70,-0.321506894960395,-0.425176134238749,0.103669239278354,0.427457962411708,g2-
s__Neisseria_flavescens,s__Veillonella_nakazawae,121,68,-0.207408887696274,-0.406459258896793,0.199050371200519,0.152686633928974,g2-
s__Neisseria_flavescens,s__Veillonella_parvula,125,69,-0.140123806316897,-0.442510478511933,0.302386672195036,0.0286852520261454,g2-
s__Neisseria_flavescens,s__Veillonella_sp._CLA_AA_H247,118,66,-0.253756482750209,-0.382035443242818,0.128278960492609,0.36154536343931,g2-
s__Neisseria_meningitidis,s__Neisseria_mucosa,130,73,0.720651673541451,0.715103699302822,0.00554797423862841,0.93870193353029,g1+
s__Neisseria_meningitidis,s__Neisseria_sicca,132,71,0.700742436104833,0.784022993644846,0.083280557540013,0.212165724193189,g2+
s__Neisseria_meningitidis,s__Neisseria_sp._HMSC071A01,119,68,0.71260314055893,0.795909004588904,0.0833058640299738,0.208421214147594,g2+
s__Neisseria_meningitidis,s__Neisseria_sp._oral_taxon_014,120,64,0.428292061728173,0.473912178562372,0.0456201168341988,0.716730088226909,g2+
s__Neisseria_meningitidis,s__Neisseria_subflava,127,71,0.794440003752784,0.832059913608374,0.0376199098555906,0.460207964673521,g2+
s__Neisseria_meningitidis,s__Parvimonas_micra,108,61,-0.250959659262607,-0.379716873889539,0.128757214626932,0.38110361196354,g2-
s__Neisseria_meningitidis,s__Porphyromonas_bobii,99,54,0.376279213545515,0.0934079488655397,0.282871264679976,0.0813162218277199,g1+
s__Neisseria_meningitidis,s__Porphyromonas_pasteri,99,55,0.366214248997937,0.0639456086620859,0.302268640335851,0.0630927410935496,g1+
s__Neisseria_meningitidis,s__Porphyromonas_somerae,103,57,0.338509765451487,0.0773467120834949,0.261163053367993,0.10355044068229,g1+
s__Neisseria_meningitidis,s__Porphyromonas_sp._KLE_1280,103,52,0.30090909942517,0.0797621782354988,0.221146921189671,0.186058532537102,g1+
s__Neisseria_meningitidis,s__Prevotella_histicola,121,70,-0.278592642542349,-0.366834522002987,0.0882418794606388,0.519185971723291,g2-
s__Neisseria_meningitidis,s__Prevotella_jejuni,115,63,-0.19863937806362,-0.305029282868001,0.106389904804381,0.477121171667229,g2-
s__Neisseria_meningitidis,s__Rothia_dentocariosa,125,69,-0.179990947978749,-0.324576838896822,0.144585890918073,0.311080753001823,g2-
s__Neisseria_meningitidis,s__Rothia_sp._HMSC062F03,121,70,-0.386218559271109,-0.296926298412212,0.0892922608588975,0.508238377442841,g1-
s__Neisseria_meningitidis,s__Schaalia_odontolytica,128,72,-0.467034678977374,-0.419467838980915,0.0475668399964584,0.692919099868688,g1-
s__Neisseria_meningitidis,s__Schaalia_sp._ORNL0103,124,67,-0.368955478639507,-0.270793730096149,0.0981617485433582,0.478691100142068,g1-
s__Neisseria_meningitidis,s__Streptococcus_cristatus,133,74,-0.348624664686051,-0.306993238966655,0.0416314257193963,0.751884917663461,g1-
s__Neisseria_meningitidis,s__Streptococcus_parasanguinis,133,74,-0.559973100750513,-0.478833574307217,0.0811395264432963,0.450618554668878,g1-
s__Neisseria_meningitidis,s__Streptococcus_salivarius,133,74,-0.460875385456764,-0.303272839971278,0.157602545485486,0.209227487964713,g1-
s__Neisseria_meningitidis,s__Streptococcus_sp._HMSC034E03,133,73,-0.157725518618828,-0.347190271199335,0.189464752580506,0.170498064140018,g2-
s__Neisseria_meningitidis,s__Streptococcus_sp._HMSC056C01,132,72,-0.216760312102406,-0.384406213712394,0.167645901609988,0.214916497858998,g2-
s__Neisseria_meningitidis,s__Streptococcus_sp._HMSC061D10,133,73,-0.220674527819667,-0.35345498705844,0.132780459238773,0.327963929919462,g2-
s__Neisseria_meningitidis,s__Streptococcus_sp._HMSC074B11,133,73,-0.162577167837025,-0.370910831730554,0.208333663893528,0.128330821859393,g2-
s__Neisseria_meningitidis,s__Streptococcus_sp._HPH0090,133,72,-0.304741619206903,-0.376644020240187,0.0719024010332846,0.584697129916482,g2-
s__Neisseria_meningitidis,s__Streptococcus_sp._HSISS2,126,71,-0.399689020510879,-0.212785198967285,0.186903821543594,0.170349636075947,g1-
s__Neisseria_meningitidis,s__Streptococcus_sp._SK140,133,72,-0.282959805368457,-0.442822572359344,0.159862766990887,0.214612568405074,g2-
s__Neisseria_meningitidis,s__Veillonella_atypica,131,73,-0.261651489550794,-0.349524683814078,0.0878731942632842,0.513972143891668,g2-
s__Neisseria_meningitidis,s__Veillonella_dispar,132,73,-0.335090074060723,-0.427787033756636,0.0926969596959138,0.464301657774085,g2-
s__Neisseria_meningitidis,s__Veillonella_nakazawae,128,71,-0.267203218802918,-0.404581479919486,0.137378261116568,0.302822412236976,g2-
s__Neisseria_meningitidis,s__Veillonella_parvula,132,72,-0.186803940360448,-0.36625454399788,0.179450603637432,0.1909112346129,g2-
s__Neisseria_meningitidis,s__Veillonella_sp._CLA_AA_H247,124,69,-0.270048066709397,-0.366609237825715,0.0965611711163183,0.48201707435886,g2-
s__Neisseria_mucosa,s__Neisseria_sicca,133,70,0.678503932792751,0.687324728919215,0.00882079612646391,0.912474400166162,g2+
s__Neisseria_mucosa,s__Neisseria_sp._HMSC071A01,119,68,0.564535213743464,0.663909137632145,0.099373923888681,0.300827380072868,g2+
s__Neisseria_mucosa,s__Neisseria_sp._oral_taxon_014,120,64,0.361939246912594,0.362059385770737,0.000120138858142771,0.999301488886241,g2+
s__Neisseria_mucosa,s__Neisseria_subflava,127,71,0.58492349298892,0.679907249639357,0.0949837566504371,0.291943329583797,g2+
s__Neisseria_mucosa,s__Oribacterium_sinus,101,51,-0.0427408098741725,-0.347686183495257,0.304945373621084,0.0692748227259987,g2-
s__Neisseria_mucosa,s__Porphyromonas_bobii,100,54,0.429726800852065,0.135779984426229,0.293946816425836,0.0618927890009267,g1+
s__Neisseria_mucosa,s__Porphyromonas_pasteri,99,55,0.357618455086468,0.0849509220788585,0.272667533007609,0.0932666254182635,g1+
s__Neisseria_mucosa,s__Porphyromonas_somerae,104,57,0.373565822222884,0.1422405225539,0.231325299668985,0.139111569376486,g1+
s__Neisseria_mucosa,s__Porphyromonas_sp._KLE_1280,103,52,0.335167523359932,0.165518639066681,0.169648884293251,0.297731755621779,g1+
s__Neisseria_mucosa,s__Porphyromonas_sp._oral_taxon_279,104,56,0.336351045690416,0.253901678683741,0.0824493670066748,0.594077887121046,g1+
s__Neisseria_mucosa,s__Prevotella_histicola,122,69,-0.278707546149735,-0.347898178055604,0.0691906319058693,0.616926862378215,g2-
s__Neisseria_mucosa,s__Prevotella_jejuni,117,62,-0.206161665069179,-0.453828934283444,0.247667269214264,0.0804511181708307,g2-
s__Neisseria_mucosa,s__Prevotella_pallens,119,64,-0.0314697911570087,-0.334114528720816,0.302644737563807,0.0457360693860034,g2-
s__Neisseria_mucosa,s__Prevotella_salivae,116,64,-0.269893393926705,-0.341448526312542,0.0715551323858369,0.619105251672289,g2-
s__Neisseria_mucosa,s__Prevotella_sp._oral_taxon_306,96,60,-0.177940922046849,-0.380200252582315,0.202259330535465,0.190043889039126,g2-
s__Neisseria_mucosa,s__Prevotella_vespertina,100,58,-0.212049410207353,-0.379496965270945,0.167447555063592,0.275266761148427,g2-
s__Neisseria_mucosa,s__Rothia_sp._HMSC062F03,123,69,-0.306489891601244,-0.0719357738632248,0.234554117738019,0.110454938980751,g1-
s__Neisseria_mucosa,s__Schaalia_odontolytica,130,71,-0.356183016161888,-0.258438959841014,0.0977440563208738,0.47201288301399,g1-
s__Neisseria_mucosa,s__Solobacterium_moorei,88,56,-0.15877602388388,-0.426478932591247,0.267702908707367,0.0913923079593419,g2-
s__Neisseria_mucosa,s__Streptococcus_anginosus,134,73,-0.361822483571659,-0.163291177628545,0.198531305943113,0.147926516924319,g1-
s__Neisseria_mucosa,s__Streptococcus_parasanguinis,135,73,-0.459984185198099,-0.301178610191568,0.158805575006531,0.207237684471574,g1-
s__Neisseria_mucosa,s__Streptococcus_salivarius,135,73,-0.418646983286809,-0.202317652547211,0.216329330739599,0.103249231958329,g1-
s__Neisseria_mucosa,s__Streptococcus_sp._HSISS2,129,70,-0.435376770398082,-0.215803462896419,0.219573307501663,0.101983573127781,g1-
s__Neisseria_mucosa,s__Streptococcus_vestibularis,133,73,-0.377279111470445,-0.131754073008274,0.245525038462171,0.0745540434074472,g1-
s__Neisseria_mucosa,s__Veillonella_atypica,133,72,-0.209319713210994,-0.375024846420114,0.16570513320912,0.222253510054685,g2-
s__Neisseria_mucosa,s__Veillonella_dispar,134,72,-0.232147578930727,-0.3082022609323,0.0760546820015728,0.580994469979491,g2-
s__Neisseria_mucosa,s__Veillonella_nakazawae,130,70,-0.202757946409259,-0.35243494496396,0.149676998554701,0.281500988073375,g2-
s__Neisseria_mucosa,s__Veillonella_parvula,134,71,-0.165655298542248,-0.33365691678636,0.168001618244112,0.229140746109015,g2-
s__Neisseria_sicca,s__Neisseria_sp._HMSC071A01,119,68,0.531935065080997,0.70667602698262,0.174740961901623,0.0633518966256101,g2+
s__Neisseria_sicca,s__Neisseria_sp._oral_taxon_014,120,64,0.492151065654595,0.523352281486852,0.0312012158322574,0.79003290851283,g2+
s__Neisseria_sicca,s__Neisseria_subflava,128,70,0.61150714790592,0.666688848750714,0.0551817008447937,0.537178323888384,g2+
s__Neisseria_sicca,s__Parvimonas_micra,109,59,-0.281750705977391,-0.303977336089721,0.0222266301123303,0.88299385789085,g2-
s__Neisseria_sicca,s__Prevotella_histicola,122,68,-0.357846534071448,-0.258732387637601,0.0991141464338468,0.477065801659747,g1-
s__Neisseria_sicca,s__Prevotella_vespertina,100,57,-0.330592265884291,-0.141973483402129,0.188618782482162,0.237521031020974,g1-
s__Neisseria_sicca,s__Schaalia_odontolytica,130,70,-0.387588936544073,-0.39314626768841,0.00555733114433704,0.965365185528973,g2-
s__Neisseria_sicca,s__Schaalia_sp._ORNL0103,125,65,-0.324274232820791,-0.201266378329176,0.123007854491615,0.396066496316409,g1-
s__Neisseria_sicca,s__Solobacterium_moorei,88,54,-0.299679023915522,-0.312207998562442,0.0125289746469198,0.937794374527783,g2-
s__Neisseria_sicca,s__Streptococcus_infantis,135,72,-0.181459443665383,-0.311620703701029,0.130161260035646,0.349964124671458,g2-
s__Neisseria_sicca,s__Streptococcus_parasanguinis,135,72,-0.440413735331897,-0.361901644117971,0.0785120912139264,0.528333149289092,g1-
s__Neisseria_sicca,s__Streptococcus_salivarius,135,72,-0.380043289475878,-0.246539169813673,0.133504119662205,0.317861828203079,g1-
s__Neisseria_sicca,s__Streptococcus_sp._263_SSPC,135,71,-0.150891171395671,-0.373657778505885,0.222766607110214,0.106974080403415,g2-
s__Neisseria_sicca,s__Streptococcus_sp._HMSC034E03,135,71,-0.206853443297363,-0.397991397359657,0.191137954062294,0.156753336759676,g2-
s__Neisseria_sicca,s__Streptococcus_sp._HMSC056C01,134,70,-0.248465817331694,-0.431214691249741,0.182748873918047,0.16689112920621,g2-
s__Neisseria_sicca,s__Streptococcus_sp._HMSC061D10,135,71,-0.228752592900309,-0.469575156399505,0.240822563499196,0.0638301240806225,g2-
s__Neisseria_sicca,s__Streptococcus_sp._HMSC074B11,134,71,-0.160725010867184,-0.481833999623985,0.321108988756801,0.0150871643499266,g2-
s__Neisseria_sicca,s__Streptococcus_sp._HPH0090,135,70,-0.364340927212475,-0.473135208367062,0.108794281154587,0.378077510767557,g2-
s__Neisseria_sicca,s__Streptococcus_sp._HSISS2,128,69,-0.34631887568482,-0.198531873029983,0.147787002654837,0.292851409789659,g1-
s__Neisseria_sicca,s__Streptococcus_sp._Marseille_Q6470,132,69,-0.149632805854149,-0.308672450963494,0.159039645109345,0.266070670902876,g2-
s__Neisseria_sicca,s__Streptococcus_sp._oral_taxon_431,135,72,-0.103881640930332,-0.400057669682471,0.29617602875214,0.0315194839755506,g2-
s__Neisseria_sicca,s__Streptococcus_sp._SK140,134,70,-0.244463510280523,-0.530829940068409,0.286366429787886,0.0228710790704285,g2-
s__Neisseria_sicca,s__Streptococcus_vestibularis,133,72,-0.313084157015356,-0.0279435241134933,0.285140632901863,0.0468825434784788,g1-
s__Neisseria_sicca,s__Veillonella_dispar,134,71,-0.261971927624896,-0.337028421840146,0.0750564942152505,0.580912632920048,g2-
s__Neisseria_sp._HMSC071A01,s__Neisseria_sp._oral_taxon_014,113,62,0.340030758622519,0.51613276906341,0.17610201044089,0.178856020343409,g2+
s__Neisseria_sp._HMSC071A01,s__Neisseria_subflava,119,68,0.743033534681218,0.858885176055365,0.115851641374146,0.0322002760874598,g2+
s__Neisseria_sp._HMSC071A01,s__Parvimonas_micra,97,55,-0.290457184932995,-0.409269785072245,0.118812600139251,0.432455897430494,g2-
s__Neisseria_sp._HMSC071A01,s__Porphyromonas_bobii,95,52,0.392881851553179,0.00644769018344982,0.386434161369729,0.0208192914967591,g1+
s__Neisseria_sp._HMSC071A01,s__Porphyromonas_pasteri,97,53,0.359966530123391,-0.0302950078894978,0.390261538012888,0.0200144776675724,g1+
s__Neisseria_sp._HMSC071A01,s__Prevotella_salivae,102,59,-0.313722244645717,-0.240911848907876,0.0728103957378405,0.636905038436391,g1-
s__Neisseria_sp._HMSC071A01,s__Schaalia_odontolytica,115,66,-0.249789839379846,-0.423918491193178,0.174128651813332,0.210340367576928,g2-
s__Neisseria_sp._HMSC071A01,s__Solobacterium_moorei,79,52,-0.194340969324906,-0.401351453083767,0.207010483758861,0.212495895402641,g2-
s__Neisseria_sp._HMSC071A01,s__Streptococcus_cristatus,119,68,-0.317577073938164,-0.364740153191961,0.0471630792537963,0.730388284862716,g2-
s__Neisseria_sp._HMSC071A01,s__Streptococcus_gordonii,119,68,-0.306138359913182,-0.287232847025634,0.0189055128875478,0.893557267428915,g1-
s__Neisseria_sp._HMSC071A01,s__Streptococcus_parasanguinis,119,68,-0.47790468191754,-0.464520432157698,0.0133842497598425,0.91158011468416,g1-
s__Neisseria_sp._HMSC071A01,s__Streptococcus_salivarius,119,68,-0.422629271444701,-0.299157680302438,0.123471591142263,0.358406590149141,g1-
s__Neisseria_sp._HMSC071A01,s__Streptococcus_sp._HMSC034E03,119,67,-0.0284066840468762,-0.307341061389746,0.27893437734287,0.0632763109411698,g2-
s__Neisseria_sp._HMSC071A01,s__Streptococcus_sp._HMSC056C01,118,66,-0.140997579331667,-0.442203200573951,0.301205621242285,0.0336174528951501,g2-
s__Neisseria_sp._HMSC071A01,s__Streptococcus_sp._HMSC061D10,119,67,-0.0998322207887396,-0.358949306877285,0.259117086088546,0.076827520512124,g2-
s__Neisseria_sp._HMSC071A01,s__Streptococcus_sp._HMSC074B11,119,67,-0.0256109207103361,-0.361994882392881,0.336383961682545,0.0231683084964516,g2-
s__Neisseria_sp._HMSC071A01,s__Streptococcus_sp._HPH0090,119,66,-0.21005343129187,-0.340498335618255,0.130444904326385,0.366169362906643,g2-
s__Neisseria_sp._HMSC071A01,s__Streptococcus_sp._HSISS2,113,65,-0.353783716242236,-0.256765848091056,0.09701786815118,0.499979772162932,g1-
s__Neisseria_sp._HMSC071A01,s__Streptococcus_sp._SK140,119,66,-0.175371473927973,-0.442667763469656,0.267296289541683,0.0566147680567737,g2-
s__Neisseria_sp._HMSC071A01,s__Streptococcus_vestibularis,117,68,-0.337608562926005,-0.0364536484929648,0.301154914433041,0.0427432704130817,g1-
s__Neisseria_sp._HMSC071A01,s__Veillonella_dispar,118,67,-0.256210422320742,-0.363128743794032,0.10691832147329,0.447583433498868,g2-
s__Neisseria_sp._HMSC071A01,s__Veillonella_nakazawae,114,65,-0.193418330927997,-0.340323392313629,0.146905061385632,0.317241833279401,g2-
s__Neisseria_sp._HMSC071A01,s__Veillonella_parvula,118,66,-0.170941559554227,-0.337782813105216,0.166841253550989,0.25358753895482,g2-
s__Neisseria_sp._HMSC071A01,s__Veillonella_sp._CLA_AA_H247,111,63,-0.226288250305357,-0.3428517730746,0.116563522769244,0.430091568354386,g2-
s__Neisseria_sp._oral_taxon_014,s__Neisseria_subflava,119,64,0.352732461887291,0.462839819172139,0.110107357284848,0.402665481515371,g2+
s__Neisseria_sp._oral_taxon_014,s__Peptostreptococcus_stomatis,85,42,-0.348459720610164,0.0369640769485489,0.385423797558713,0.0394136699888812,g1-
s__Neisseria_sp._oral_taxon_014,s__Rothia_mucilaginosa,120,63,-0.194398381711208,-0.382336891722719,0.187938510011511,0.194758436887718,g2-
s__Neisseria_sp._oral_taxon_014,s__Schaalia_odontolytica,116,62,-0.30593479743394,-0.438958721012253,0.133023923578313,0.334894330624269,g2-
s__Neisseria_sp._oral_taxon_014,s__Solobacterium_moorei,79,48,-0.323390087410269,-0.437574566528915,0.114184479118646,0.476879243503196,g2-
s__Neisseria_sp._oral_taxon_014,s__Streptococcus_australis,120,64,-0.118711722908072,-0.416193615822178,0.297481892914106,0.0403286210344549,g2-
s__Neisseria_sp._oral_taxon_014,s__Streptococcus_infantis,120,64,-0.190593704742535,-0.375687402814011,0.185093698071477,0.200698759712242,g2-
s__Neisseria_sp._oral_taxon_014,s__Streptococcus_sp._263_SSPC,120,64,-0.235769494658001,-0.465799712650087,0.230030217992086,0.0940862459862712,g2-
s__Neisseria_sp._oral_taxon_014,s__Streptococcus_sp._343_SSPC,116,59,-0.0160617649846204,-0.412915668612437,0.396853903627817,0.00963255856997103,g2-
s__Neisseria_sp._oral_taxon_014,s__Streptococcus_sp._A12,115,62,-0.0690451783009408,-0.317523356205852,0.248478177904912,0.106395150986658,g2-
s__Neisseria_sp._oral_taxon_014,s__Streptococcus_sp._F0442,117,64,-0.0290811344203029,-0.396375179901614,0.367294045481311,0.0138919341356647,g2-
s__Neisseria_sp._oral_taxon_014,s__Streptococcus_sp._HMSC034E03,120,64,-0.109471809803988,-0.477199156768857,0.367727346964869,0.00952509922607336,g2-
s__Neisseria_sp._oral_taxon_014,s__Streptococcus_sp._HMSC056C01,119,63,-0.183531958483596,-0.314262653656447,0.13073069517285,0.379898277889597,g2-
s__Neisseria_sp._oral_taxon_014,s__Streptococcus_sp._HMSC061D10,120,64,-0.259073688069486,-0.426874677092411,0.167800989022925,0.226610260652195,g2-
s__Neisseria_sp._oral_taxon_014,s__Streptococcus_sp._HMSC062D07,115,64,-0.10579807945037,-0.371628286090495,0.265830206640125,0.0741896303954028,g2-
s__Neisseria_sp._oral_taxon_014,s__Streptococcus_sp._HMSC067H01,120,64,-0.136339596312343,-0.30210873517589,0.165769138863547,0.268784010868368,g2-
s__Neisseria_sp._oral_taxon_014,s__Streptococcus_sp._HMSC074B11,120,64,-0.228135803207818,-0.42630688854473,0.198171085336912,0.157648497771002,g2-
s__Neisseria_sp._oral_taxon_014,s__Streptococcus_sp._HPH0090,120,63,-0.267181337292023,-0.483927513248436,0.216746175956413,0.109301137790335,g2-
s__Neisseria_sp._oral_taxon_014,s__Streptococcus_sp._Marseille_Q0941,120,64,-0.0448783080384136,-0.374244543620899,0.329366235582485,0.0273583605268863,g2-
s__Neisseria_sp._oral_taxon_014,s__Streptococcus_sp._Marseille_Q3533,120,63,-0.0322905225404997,-0.356422976135154,0.324132453594654,0.032013323123147,g2-
s__Neisseria_sp._oral_taxon_014,s__Streptococcus_sp._Marseille_Q4154,118,63,-0.0961761392147241,-0.42433228832093,0.328156149106206,0.0251900621341543,g2-
s__Neisseria_sp._oral_taxon_014,s__Streptococcus_sp._Marseille_Q6470,119,62,-0.095708946728959,-0.421785728412403,0.326076781683444,0.0269028103219724,g2-
s__Neisseria_sp._oral_taxon_014,s__Streptococcus_sp._oral_taxon_061,117,61,-0.0942848960429732,-0.36269595095182,0.268411054908846,0.0767850047451017,g2-
s__Neisseria_sp._oral_taxon_014,s__Streptococcus_sp._oral_taxon_431,120,64,-0.170362843873786,-0.451789100486283,0.281426256612498,0.0461505062899183,g2-
s__Neisseria_sp._oral_taxon_014,s__Streptococcus_sp._SK140,120,63,-0.221022245196877,-0.392866796549469,0.171844551352592,0.230361524187648,g2-
s__Neisseria_sp._oral_taxon_014,s__Streptococcus_sp._XMC,117,61,0.0170704237861591,-0.426104308291447,0.443174732077606,0.00341473397005787,g2-
s__Neisseria_subflava,s__Parvimonas_micra,103,58,-0.224156481513962,-0.342763764671469,0.118607283157507,0.441549552324278,g2-
s__Neisseria_subflava,s__Porphyromonas_bobii,98,54,0.40948586304069,0.142771584327362,0.266714278713328,0.0934006485736063,g1+
s__Neisseria_subflava,s__Porphyromonas_pasteri,98,55,0.399161428875636,0.11796965051482,0.281191778360816,0.0778929210274886,g1+
s__Neisseria_subflava,s__Porphyromonas_somerae,101,56,0.31991280834046,0.113262986334536,0.206649822005924,0.201470141555092,g1+
s__Neisseria_subflava,s__Porphyromonas_sp._oral_taxon_279,103,56,0.372148923361332,0.150109773621792,0.22203914973954,0.158373795044594,g1+
s__Neisseria_subflava,s__Rothia_dentocariosa,120,66,-0.100384573716911,-0.405808821622226,0.305424247905315,0.0347857107136316,g2-
s__Neisseria_subflava,s__Rothia_sp._HMSC062F03,116,67,-0.341898544843946,-0.394825538373135,0.0529269935291887,0.69535446761944,g2-
s__Neisseria_subflava,s__Rothia_sp._HMSC072E10,120,66,-0.218899372019568,-0.305941603536232,0.0870422315166642,0.549357356468376,g2-
s__Neisseria_subflava,s__Schaalia_odontolytica,124,69,-0.359705124991208,-0.430206261458369,0.0705011364671614,0.584831705965097,g2-
s__Neisseria_subflava,s__Schaalia_sp._ORNL0103,120,64,-0.30421917823925,-0.229271235822495,0.0749479424167556,0.609162579910123,g1-
s__Neisseria_subflava,s__Streptococcus_cristatus,128,71,-0.259945094911194,-0.398605304333796,0.138660209422602,0.300726313048589,g2-
s__Neisseria_subflava,s__Streptococcus_gordonii,128,71,-0.202954157561638,-0.350958715465552,0.148004557903914,0.286138391869409,g2-
s__Neisseria_subflava,s__Streptococcus_parasanguinis,128,71,-0.498064194146374,-0.581861357224281,0.0837971630779069,0.431456841765818,g2-
s__Neisseria_subflava,s__Streptococcus_salivarius,128,71,-0.394200336239664,-0.35832579696066,0.0358745392790034,0.781474034221123,g1-
s__Neisseria_subflava,s__Streptococcus_sp._HMSC034E03,128,70,-0.131906031068105,-0.347068363194529,0.215162332126424,0.129706296211007,g2-
s__Neisseria_subflava,s__Streptococcus_sp._HMSC056C01,127,69,-0.162781149354701,-0.434904442329399,0.272123292974699,0.0477047642191777,g2-
s__Neisseria_subflava,s__Streptococcus_sp._HMSC061D10,128,70,-0.171845742213239,-0.357563844500904,0.185718102287665,0.185386064237438,g2-
s__Neisseria_subflava,s__Streptococcus_sp._HMSC074B11,128,70,-0.11202376157254,-0.377005052252882,0.264981290680342,0.0606367773517822,g2-
s__Neisseria_subflava,s__Streptococcus_sp._HPH0090,128,69,-0.258899737095596,-0.333481031991661,0.0745812948960655,0.590799490231927,g2-
s__Neisseria_subflava,s__Streptococcus_sp._HSISS2,121,68,-0.356874256667196,-0.317272530659077,0.039601726008119,0.772344663633782,g1-
s__Neisseria_subflava,s__Streptococcus_sp._oral_taxon_431,128,71,-0.0400280968648366,-0.307810685377437,0.267782588512601,0.0649773639178846,g2-
s__Neisseria_subflava,s__Streptococcus_sp._SK140,128,69,-0.229088097123232,-0.475328522564629,0.246240425441397,0.0622425624658736,g2-
s__Neisseria_subflava,s__Veillonella_atypica,126,70,-0.321802603837359,-0.36463739597847,0.0428347921411111,0.749075384939069,g2-
s__Neisseria_subflava,s__Veillonella_dispar,127,70,-0.351942737085722,-0.47767225210625,0.125729515020528,0.315143604177518,g2-
s__Neisseria_subflava,s__Veillonella_nakazawae,123,68,-0.264779034804349,-0.485365436712117,0.220586401907768,0.0929471069253212,g2-
s__Neisseria_subflava,s__Veillonella_parvula,127,69,-0.183481267957807,-0.417036597786352,0.233555329828545,0.0897614166480873,g2-
s__Neisseria_subflava,s__Veillonella_sp._CLA_AA_H247,120,66,-0.290530653887395,-0.417203558573073,0.126672904685678,0.352949631169283,g2-
s__Oribacterium_sinus,s__Prevotella_pallens,101,53,0.0924142755545653,0.330861017706871,0.238446742152305,0.148482305616546,g2+
s__Oribacterium_sinus,s__Solobacterium_moorei,84,51,0.352022980672162,0.507385367481833,0.155362386809671,0.293231960970158,g2+
s__Oribacterium_sinus,s__Streptococcus_sp._A12,101,52,0.0852602556926071,0.330689408407033,0.245429152714426,0.140115585883004,g2+
s__Parvimonas_micra,s__Peptostreptococcus_stomatis,88,48,0.423949639862986,0.428077426709818,0.00412778684683163,0.978176553987552,g2+
s__Parvimonas_micra,s__Porphyromonas_endodontalis,80,45,0.371645868198886,0.44101808917896,0.0693722209800739,0.664625675299896,g2+
s__Parvimonas_micra,s__Solobacterium_moorei,82,53,0.362330632874706,0.10038028305345,0.261950349821256,0.122828003478508,g1+
s__Parvimonas_micra,s__Streptococcus_anginosus,115,65,0.202018557872608,0.322039222561951,0.120020664689343,0.414807188347783,g2+
s__Parvimonas_micra,s__Streptococcus_sp._UMB0029,113,65,0.0477332466572874,-0.348421170572826,0.396154417230114,0.00957956083969114,g2-
s__Peptostreptococcus_stomatis,s__Porphyromonas_endodontalis,75,38,0.294138276408227,0.371699603721662,0.0775613273134353,0.671798653794354,g2+
s__Peptostreptococcus_stomatis,s__Solobacterium_moorei,76,44,0.384384038188992,0.269291266753877,0.115092771435115,0.508313680021506,g1+
s__Peptostreptococcus_stomatis,s__Streptococcus_anginosus,98,51,0.237584595694645,0.309153070808743,0.0715684751140983,0.662073526874312,g2+
s__Porphyromonas_bobii,s__Porphyromonas_pasteri,93,55,0.807685476159139,0.943256893025521,0.135571416866382,0.000206246050741266,g2+
s__Porphyromonas_bobii,s__Porphyromonas_somerae,97,53,0.840215267152508,0.76011108804413,0.0801041791083783,0.197789489218901,g1+
s__Porphyromonas_bobii,s__Porphyromonas_sp._KLE_1280,95,52,0.802641670144674,0.773936691866581,0.0287049782780932,0.667708480250195,g1+
s__Porphyromonas_bobii,s__Porphyromonas_sp._oral_taxon_279,96,52,0.806961766502172,0.702825691240007,0.104136075262166,0.164485299665973,g1+
s__Porphyromonas_bobii,s__Prevotella_nanceiensis,91,53,0.156211636956989,0.371828574897215,0.215616937940226,0.188209197805155,g2+
s__Porphyromonas_bobii,s__Streptococcus_parasanguinis,100,55,-0.312924140171227,-0.221296060731837,0.0916280794393892,0.565532574248854,g1-
s__Porphyromonas_bobii,s__Streptococcus_sp._1001283B150225_161107_H12,99,53,0.188132449585805,0.3507488592265,0.162616409640695,0.313184647298588,g2+
s__Porphyromonas_bobii,s__Streptococcus_sp._343_SSPC,99,50,0.212728273710005,0.34802930605601,0.135301032346005,0.408412234449564,g2+
s__Porphyromonas_bobii,s__Streptococcus_sp._Marseille_Q3533,100,54,0.304437345956984,0.266869586680734,0.0375677592762501,0.813016489218741,g1+
s__Porphyromonas_bobii,s__Streptococcus_vestibularis,99,55,-0.333935266647168,-0.326104366692537,0.00783089995463138,0.959294482042431,g1-
s__Porphyromonas_bobii,s__Veillonella_parvula,100,54,-0.172372354670364,-0.30999527206522,0.137622917394856,0.397228407887597,g2-
s__Porphyromonas_endodontalis,s__Prevotella_intermedia,86,49,0.282116923168316,0.337625283079511,0.0555083599111945,0.73823319041215,g2+
s__Porphyromonas_endodontalis,s__Streptococcus_oralis,90,49,-0.00677448857392699,0.327221984903966,0.333996473477893,0.057348197492858,g2+
s__Porphyromonas_endodontalis,s__Streptococcus_sp._1001283B150225_161107_H12,86,46,-0.102982832687518,-0.364310658699467,0.261327826011949,0.138284025397031,g2-
s__Porphyromonas_endodontalis,s__Veillonella_rogosae,88,49,-0.0591880901157592,-0.303590161731759,0.244402071616,0.164884453331681,g2-
s__Porphyromonas_endodontalis,s__Veillonella_sp._oral_taxon_158,89,48,-0.0510090041581186,-0.30135935307735,0.250350348919231,0.157669630168619,g2-
s__Porphyromonas_pasteri,s__Porphyromonas_somerae,94,54,0.74124622145859,0.806711495000006,0.0654652735414154,0.347582021928505,g2+
s__Porphyromonas_pasteri,s__Porphyromonas_sp._KLE_1280,94,52,0.778266049673961,0.808007150713612,0.0297411010396509,0.650406138365807,g2+
s__Porphyromonas_pasteri,s__Porphyromonas_sp._oral_taxon_279,95,52,0.806456194192603,0.72253013790985,0.0839260562827531,0.248964491414158,g1+
s__Porphyromonas_pasteri,s__Prevotella_histicola,92,54,-0.309574987561631,-0.162833447914598,0.146741539647033,0.375076382994545,g1-
s__Porphyromonas_pasteri,s__Prevotella_nanceiensis,87,54,0.0767235650669261,0.413627790556467,0.336904225489541,0.0408098047910139,g2+
s__Porphyromonas_pasteri,s__Rothia_sp._HMSC065C12,99,55,0.0895736366260598,0.370776346507879,0.281202709881819,0.0819530554945176,g2+
s__Porphyromonas_pasteri,s__Rothia_sp._HMSC072B04,99,56,0.0863505158649211,0.309831473679813,0.223480957814892,0.171878758819753,g2+
s__Porphyromonas_pasteri,s__Streptococcus_rubneri,99,56,0.309083026618563,0.199414395562354,0.109668631056209,0.49265696594258,g1+
s__Porphyromonas_pasteri,s__Streptococcus_sp._1001283B150225_161107_H12,98,54,0.219681064536818,0.377078488770603,0.157397424233785,0.31804543915045,g2+
s__Porphyromonas_pasteri,s__Streptococcus_sp._343_SSPC,97,51,0.214049195192622,0.394517989145669,0.180468793953047,0.260229192481094,g2+
s__Porphyromonas_pasteri,s__Streptococcus_sp._A12,97,55,0.314035015170281,0.261547158334178,0.0524878568361035,0.740462934353772,g1+
s__Porphyromonas_pasteri,s__Streptococcus_sp._Marseille_Q3533,99,55,0.429742051779672,0.335240779635983,0.0945012721436891,0.519678775579633,g1+
s__Porphyromonas_pasteri,s__Streptococcus_timonensis,98,56,0.411134880253526,0.235198356642794,0.175936523610732,0.249840315757289,g1+
s__Porphyromonas_pasteri,s__Streptococcus_vestibularis,98,56,-0.346840302221512,-0.374528777988422,0.0276884757669095,0.852702040443467,g2-
s__Porphyromonas_pasteri,s__Veillonella_atypica,99,56,-0.325477254611216,-0.145702741629021,0.179774512982195,0.264332322030141,g1-
s__Porphyromonas_pasteri,s__Veillonella_dispar,99,55,-0.32351096429644,-0.149833123849395,0.173677840447045,0.283688125682354,g1-
s__Porphyromonas_somerae,s__Porphyromonas_sp._KLE_1280,97,53,0.744370294821693,0.769488997703106,0.0251187028814132,0.736649037941147,g2+
s__Porphyromonas_somerae,s__Porphyromonas_sp._oral_taxon_279,96,54,0.708651581253971,0.749118120361366,0.0404665391073949,0.61969994102762,g2+
s__Porphyromonas_somerae,s__Prevotella_histicola,100,56,-0.374950259263879,-0.167352715435701,0.207597543828178,0.187313727667551,g1-
s__Porphyromonas_somerae,s__Prevotella_nanceiensis,97,55,0.0750625559251304,0.325770623805014,0.250708067879884,0.12823663297901,g2+
s__Porphyromonas_somerae,s__Rothia_dentocariosa,101,55,-0.331717057422252,-0.286944509384715,0.0447725480375367,0.772847153369616,g1-
s__Porphyromonas_somerae,s__Rothia_sp._HMSC062F03,97,56,-0.407460854608303,-0.168648663301005,0.238812191307297,0.126777162506924,g1-
s__Porphyromonas_somerae,s__Rothia_sp._HMSC072E10,100,54,-0.307958542801364,-0.211149253942979,0.0968092888583859,0.547985567576583,g1-
s__Porphyromonas_somerae,s__Streptococcus_australis,106,58,0.276063331914991,0.365169951774739,0.0891066198597484,0.551623036657981,g2+
s__Porphyromonas_somerae,s__Streptococcus_parasanguinis,106,58,-0.324616931899691,-0.24649930964528,0.078117622254411,0.610283498967066,g1-
s__Porphyromonas_somerae,s__Streptococcus_rubneri,106,57,0.364324746482067,0.350702664097551,0.013622082384516,0.925932417987289,g1+
s__Porphyromonas_somerae,s__Streptococcus_sanguinis,106,58,-0.148878309123388,-0.349257228797484,0.200378919674095,0.198785102265703,g2-
s__Porphyromonas_somerae,s__Streptococcus_sp._1001283B150225_161107_H12,104,55,0.305730230753689,0.432937005160197,0.127206774406508,0.386914913693041,g2+
s__Porphyromonas_somerae,s__Streptococcus_sp._343_SSPC,105,53,0.347414972105096,0.432675917187395,0.0852609450822992,0.559755425720063,g2+
s__Porphyromonas_somerae,s__Streptococcus_sp._A12,104,57,0.362786837859487,0.320087243378564,0.0426995944809231,0.774274110500352,g1+
s__Porphyromonas_somerae,s__Streptococcus_sp._HSISS2,102,55,-0.279813082727154,-0.311069098470055,0.0312560157429002,0.841497506341629,g2-
s__Porphyromonas_somerae,s__Streptococcus_sp._Marseille_Q3533,106,57,0.393394106129665,0.457180935996097,0.0637868298664315,0.642751376207362,g2+
s__Porphyromonas_somerae,s__Streptococcus_sp._XMC,105,55,0.337262849675597,0.350336331839895,0.0130734821642984,0.930663040694865,g2+
s__Porphyromonas_somerae,s__Streptococcus_timonensis,105,58,0.325295194937567,0.389828818107658,0.0645336231700908,0.658062604966322,g2+
s__Porphyromonas_somerae,s__Streptococcus_vestibularis,105,58,-0.288607563366696,-0.414663462460929,0.126055899094233,0.388753637273748,g2-
s__Porphyromonas_somerae,s__Veillonella_atypica,106,57,-0.35506597317775,-0.231396088765564,0.123669884412186,0.419732185420107,g1-
s__Porphyromonas_somerae,s__Veillonella_dispar,106,57,-0.392628876740907,-0.201132506059162,0.191496370681746,0.209177360507584,g1-
s__Porphyromonas_somerae,s__Veillonella_nakazawae,103,56,-0.378538930450733,-0.291283212545217,0.0872557179055165,0.562549998222063,g1-
s__Porphyromonas_somerae,s__Veillonella_parvula,106,56,-0.322537781752621,-0.2947265758095,0.0278112059431208,0.855694534673722,g1-
s__Porphyromonas_somerae,s__Veillonella_rogosae,106,58,0.181984942916662,0.356129542052214,0.174144599135551,0.259243788041624,g2+
s__Porphyromonas_somerae,s__Veillonella_sp._CLA_AA_H247,101,54,-0.320652070454068,-0.254892695168107,0.0657593752859613,0.67779959021549,g1-
s__Porphyromonas_somerae,s__Veillonella_sp._oral_taxon_158,106,56,0.155914982362709,0.318388115235478,0.162473132872769,0.30708933231708,g2+
s__Porphyromonas_sp._KLE_1280,s__Porphyromonas_sp._oral_taxon_279,97,52,0.80965935121211,0.792413455800273,0.0172458954118371,0.784627767265206,g1+
s__Porphyromonas_sp._KLE_1280,s__Prevotella_histicola,97,51,-0.375191087015866,-0.03348122817775,0.341709858838116,0.0418830369829077,g1-
s__Porphyromonas_sp._KLE_1280,s__Prevotella_nanceiensis,92,51,0.114462525300309,0.331132121688073,0.216669596387765,0.200718468992857,g2+
s__Porphyromonas_sp._KLE_1280,s__Streptococcus_rubneri,103,53,0.317325930058479,0.135517148906163,0.181808781152316,0.266856828045267,g1+
s__Porphyromonas_sp._KLE_1280,s__Streptococcus_sp._A12,101,52,0.348016988627435,0.164657266133395,0.183359722494039,0.260149265928031,g1+
s__Porphyromonas_sp._KLE_1280,s__Streptococcus_sp._Marseille_Q3533,104,52,0.368326782431194,0.212017297689686,0.156309484741509,0.32541637038647,g1+
s__Porphyromonas_sp._KLE_1280,s__Streptococcus_timonensis,103,53,0.338545910643064,0.0871762269235047,0.251369683719559,0.125948944199739,g1+
s__Porphyromonas_sp._KLE_1280,s__Veillonella_dispar,104,52,-0.307698055878639,-0.170644688029327,0.137053367849311,0.402746263522571,g1-
s__Porphyromonas_sp._KLE_1280,s__Veillonella_nakazawae,100,52,-0.329638691646206,-0.213586473567947,0.11605221807826,0.473964495788296,g1-
s__Porphyromonas_sp._KLE_1280,s__Veillonella_sp._CLA_AA_H247,98,50,-0.30118749737202,-0.190560937999376,0.110626559372644,0.508514155886217,g1-
s__Porphyromonas_sp._oral_taxon_279,s__Prevotella_nanceiensis,91,54,0.162574677912388,0.321408441274309,0.158833763361921,0.336371581325597,g2+
s__Porphyromonas_sp._oral_taxon_279,s__Streptococcus_parasanguinis,104,57,-0.208180455656243,-0.31160451295488,0.103424057298637,0.51005545874615,g2-
s__Porphyromonas_sp._oral_taxon_279,s__Streptococcus_sp._1001283B150225_161107_H12,103,55,0.210308977153693,0.342626540861966,0.132317563708273,0.401052940508839,g2+
s__Porphyromonas_sp._oral_taxon_279,s__Streptococcus_sp._A12,102,56,0.308736202686966,0.200278534376164,0.108457668310802,0.495064540974074,g1+
s__Porphyromonas_sp._oral_taxon_279,s__Streptococcus_sp._HSISS2,100,54,-0.245177226960388,-0.365218423290018,0.12004119632963,0.443237506630621,g2-
s__Porphyromonas_sp._oral_taxon_279,s__Streptococcus_sp._Marseille_Q3533,104,56,0.301195083483937,0.196748467443037,0.104446616040899,0.510994528554702,g1+
s__Porphyromonas_sp._oral_taxon_279,s__Streptococcus_timonensis,103,57,0.307288217547974,0.0579880361965039,0.24930018135147,0.124387329766358,g1+
s__Porphyromonas_sp._oral_taxon_279,s__Streptococcus_vestibularis,103,57,-0.309956835333055,-0.378684291749295,0.0687274564162395,0.644059163420601,g2-
s__Porphyromonas_sp._oral_taxon_279,s__Veillonella_nakazawae,101,55,-0.221801271190131,-0.369373708552204,0.147572437362073,0.344604953984833,g2-
s__Prevotella_histicola,s__Prevotella_intermedia,125,70,0.466091039766367,0.281735030212539,0.184356009553828,0.156423714341554,g1+
s__Prevotella_histicola,s__Prevotella_jejuni,122,67,0.729496893013604,0.646489934352846,0.0830069586607584,0.306825090148389,g1+
s__Prevotella_histicola,s__Prevotella_melaninogenica,128,72,0.567534584061689,0.386516221222201,0.181018362839488,0.115304681138886,g1+
s__Prevotella_histicola,s__Prevotella_nanceiensis,114,70,0.435827464486584,0.313567880343773,0.122259584142811,0.356762836168023,g1+
s__Prevotella_histicola,s__Prevotella_pallens,122,68,0.569805309816466,0.378801680974316,0.19100362884215,0.107032154534329,g1+
s__Prevotella_histicola,s__Prevotella_salivae,117,68,0.770112190731968,0.647067755234793,0.123044435497175,0.107210803203852,g1+
s__Prevotella_histicola,s__Prevotella_sp._oral_taxon_306,100,65,0.621618369309164,0.620897353468135,0.000721015841029793,0.994238061368776,g1+
s__Prevotella_histicola,s__Prevotella_vespertina,106,62,0.694406709808062,0.546000401829548,0.148406307978514,0.135460318829341,g1+
s__Prevotella_histicola,s__Schaalia_odontolytica,125,72,0.403127834050841,0.167495459678465,0.235632374372376,0.0863957424615547,g1+
s__Prevotella_histicola,s__Schaalia_sp._ORNL0103,125,69,0.345754821595298,0.0434649838272212,0.302289837768076,0.0379507596842859,g1+
s__Prevotella_histicola,s__Streptococcus_australis,128,74,-0.580850710940934,-0.491662288954454,0.0891884219864796,0.39840701265713,g1-
s__Prevotella_histicola,s__Streptococcus_mitis,129,74,-0.38821809741131,-0.274408809528031,0.113809287883279,0.388100268713112,g1-
s__Prevotella_histicola,s__Streptococcus_oralis,129,74,-0.354512047223516,-0.180161689862955,0.174350357360561,0.204123476060329,g1-
s__Prevotella_histicola,s__Streptococcus_parasanguinis,129,74,0.289698514738519,0.31458972324484,0.0248912085063208,0.853540978940043,g2+
s__Prevotella_histicola,s__Streptococcus_pneumoniae,129,74,-0.336756772752272,-0.253066620161621,0.0836901525906512,0.536418169720232,g1-
s__Prevotella_histicola,s__Streptococcus_pseudopneumoniae,128,74,-0.318168130436154,-0.299652541640028,0.018515588796126,0.890443698277774,g1-
s__Prevotella_histicola,s__Streptococcus_rubneri,126,73,-0.556412367220641,-0.516587688535621,0.0398246786850192,0.708639758122855,g1-
s__Prevotella_histicola,s__Streptococcus_salivarius,129,74,0.26295677448682,0.366579207421355,0.103622432934535,0.437633746521617,g2+
s__Prevotella_histicola,s__Streptococcus_sp._1001283B150225_161107_H12,123,69,-0.534931601471988,-0.525254604781603,0.00967699669038535,0.930014005976044,g1-
s__Prevotella_histicola,s__Streptococcus_sp._343_SSPC,123,67,-0.582708878678428,-0.500088932121309,0.0826199465571189,0.449213624560659,g1-
s__Prevotella_histicola,s__Streptococcus_sp._A12,121,70,-0.572232471995707,-0.491218399921469,0.0810140720742384,0.459407498604662,g1-
s__Prevotella_histicola,s__Streptococcus_sp._F0442,124,74,-0.325735166926627,-0.164927690564874,0.160807476361753,0.251021973594432,g1-
s__Prevotella_histicola,s__Streptococcus_sp._HMSC062D07,124,73,-0.292403642304418,-0.352119615267946,0.059715972963528,0.657069163320009,g2-
s__Prevotella_histicola,s__Streptococcus_sp._HMSC067H01,127,74,-0.356490186321567,-0.478094755113676,0.121604568792109,0.321140510035091,g2-
s__Prevotella_histicola,s__Streptococcus_sp._HSISS2,124,71,0.276803603570977,0.387319656753257,0.11051605318228,0.411664572634925,g2+
s__Prevotella_histicola,s__Streptococcus_sp._Marseille_Q0941,127,73,-0.453976427903947,-0.521836408441364,0.0678599805374177,0.550905110784748,g2-
s__Prevotella_histicola,s__Streptococcus_sp._Marseille_Q3533,127,72,-0.477163682681501,-0.40945290023606,0.0677107824454413,0.574368456230333,g1-
s__Prevotella_histicola,s__Streptococcus_sp._Marseille_Q4154,126,72,-0.34319022485352,-0.3359065846524,0.00728364020111977,0.956348205033979,g1-
s__Prevotella_histicola,s__Streptococcus_sp._Marseille_Q6470,126,71,-0.192406190495066,-0.369461390701733,0.177055200206666,0.201626193287123,g2-
s__Prevotella_histicola,s__Streptococcus_sp._oral_taxon_431,128,74,-0.336057340325001,-0.283477886526836,0.0525794537981646,0.695421941484428,g1-
s__Prevotella_histicola,s__Streptococcus_sp._XMC,124,71,-0.54270491587492,-0.351338367976087,0.191366547898833,0.111787005919366,g1-
s__Prevotella_histicola,s__Streptococcus_timonensis,127,74,-0.441466375872588,-0.354272343085201,0.0871940327873863,0.485809289258926,g1-
s__Prevotella_histicola,s__Streptococcus_vestibularis,128,74,0.0255053514496099,0.382197804123477,0.356692452673868,0.0111592081555389,g2+
s__Prevotella_histicola,s__Veillonella_atypica,128,73,0.781142625591472,0.769072028938754,0.0120705966527175,0.839459049280328,g1+
s__Prevotella_histicola,s__Veillonella_dispar,127,73,0.715919292391034,0.567300132009512,0.148619160381521,0.0872098082821289,g1+
s__Prevotella_histicola,s__Veillonella_nakazawae,124,72,0.707223599199182,0.610262844988357,0.096960754210825,0.253479285163708,g1+
s__Prevotella_histicola,s__Veillonella_parvula,127,72,0.43812269290889,0.556719775460642,0.118597082551752,0.29230754235017,g2+
s__Prevotella_histicola,s__Veillonella_sp._CLA_AA_H247,122,71,0.686485507628372,0.569293052985916,0.117192454642456,0.200036945839347,g1+
s__Prevotella_histicola,s__Veillonella_tobetsuensis,125,71,0.404360444376249,0.370670697827479,0.0336897465487698,0.793319752583835,g1+
s__Prevotella_intermedia,s__Prevotella_jejuni,122,65,0.514580594698704,0.380908884782713,0.133671709915991,0.283971034773002,g1+
s__Prevotella_intermedia,s__Prevotella_melaninogenica,130,71,0.426156892625692,0.274693578567369,0.151463314058323,0.24890751265738,g1+
s__Prevotella_intermedia,s__Prevotella_nanceiensis,117,69,0.435444514210083,0.383549987888907,0.0518945263211761,0.686722783935404,g1+
s__Prevotella_intermedia,s__Prevotella_pallens,120,67,0.48296497680402,0.385383490700623,0.097581486103397,0.438395853270935,g1+
s__Prevotella_intermedia,s__Prevotella_salivae,121,68,0.539142121049734,0.493164230592908,0.0459778904568264,0.684742445992716,g1+
s__Prevotella_intermedia,s__Prevotella_sp._oral_taxon_306,101,64,0.39889790366538,0.474214133281133,0.0753162296157535,0.567864127114442,g2+
s__Prevotella_intermedia,s__Prevotella_vespertina,105,62,0.354680029631637,0.439214656210358,0.0845346265787205,0.539045282586532,g2+
s__Prevotella_intermedia,s__Rothia_aeria,128,70,-0.133967622464947,-0.306138363044917,0.17217074057997,0.230633495819113,g2-
s__Prevotella_intermedia,s__Rothia_mucilaginosa,131,73,-0.210694111001038,-0.42051030844815,0.209816197447111,0.114817554898624,g2-
s__Prevotella_intermedia,s__Rothia_sp._HMSC065C12,131,73,-0.262029792823487,-0.409131689101797,0.14710189627831,0.263321802081081,g2-
s__Prevotella_intermedia,s__Rothia_sp._HMSC072B04,131,72,-0.324984510669652,-0.465089864231679,0.140105353562027,0.264702039027076,g2-
s__Prevotella_intermedia,s__Rothia_sp._P3C3_S176,129,71,-0.0778705454414631,-0.416132898094965,0.338262352653501,0.015286493385184,g2-
s__Prevotella_intermedia,s__Streptococcus_australis,130,74,-0.381223715534373,-0.523104717831364,0.141881002296991,0.22676823011531,g2-
s__Prevotella_intermedia,s__Streptococcus_infantis,130,74,-0.395674390731836,-0.359772023185637,0.035902367546199,0.777436352824799,g1-
s__Prevotella_intermedia,s__Streptococcus_rubneri,127,74,-0.327890999446556,-0.445904463177205,0.118013463730649,0.349921898475286,g2-
s__Prevotella_intermedia,s__Streptococcus_sanguinis,131,74,-0.37409914976796,-0.208761213649335,0.165337936118625,0.220488633838367,g1-
s__Prevotella_intermedia,s__Streptococcus_sp._1001283B150225_161107_H12,125,69,-0.352035122732025,-0.437792349786305,0.0857572270542801,0.505553774433539,g2-
s__Prevotella_intermedia,s__Streptococcus_sp._263_SSPC,129,73,-0.285089114119795,-0.32404899984131,0.0389598857215152,0.773247376032621,g2-
s__Prevotella_intermedia,s__Streptococcus_sp._343_SSPC,125,66,-0.372828124470476,-0.345464130333263,0.0273639941372134,0.839510121565901,g1-
s__Prevotella_intermedia,s__Streptococcus_sp._A12,122,70,-0.494116226136132,-0.377655521051738,0.116460705084395,0.345219505263571,g1-
s__Prevotella_intermedia,s__Streptococcus_sp._F0442,127,74,-0.332960079852469,-0.216111960135021,0.116848119717449,0.395033323421386,g1-
s__Prevotella_intermedia,s__Streptococcus_sp._HMSC034E03,129,73,-0.279270782710782,-0.331840907406219,0.0525701246954376,0.697197463501444,g2-
s__Prevotella_intermedia,s__Streptococcus_sp._HMSC062D07,124,73,-0.393642079490006,-0.440422432568973,0.0467803530789674,0.705980244138337,g2-
s__Prevotella_intermedia,s__Streptococcus_sp._HMSC067H01,129,74,-0.337306823927435,-0.49674359833383,0.159436774406394,0.191278656400114,g2-
s__Prevotella_intermedia,s__Streptococcus_sp._HMSC074B11,128,73,-0.279915313487693,-0.364909722352206,0.084994408864513,0.524761606790384,g2-
s__Prevotella_intermedia,s__Streptococcus_sp._Marseille_Q0941,129,73,-0.364138917391847,-0.406859380621099,0.0427204632292514,0.736341803092779,g2-
s__Prevotella_intermedia,s__Streptococcus_sp._Marseille_Q3533,128,71,-0.359798931886918,-0.330768331345066,0.0290306005418521,0.826834948438059,g1-
s__Prevotella_intermedia,s__Streptococcus_sp._Marseille_Q4154,126,72,-0.38075915307114,-0.429293543484136,0.0485343904129954,0.699372418694963,g2-
s__Prevotella_intermedia,s__Streptococcus_sp._Marseille_Q6470,126,71,-0.392714719370317,-0.377320709594734,0.0153940097755827,0.904797826649653,g1-
s__Prevotella_intermedia,s__Streptococcus_sp._oral_taxon_061,125,70,-0.273730181672929,-0.435597018069171,0.161866836396242,0.221520282860738,g2-
s__Prevotella_intermedia,s__Streptococcus_sp._oral_taxon_431,130,74,-0.414595949507286,-0.460887352938074,0.0462914034307879,0.699047604536764,g2-
s__Prevotella_intermedia,s__Streptococcus_sp._XMC,125,71,-0.446787612527138,-0.458719103003631,0.0119314904764929,0.921001457588706,g2-
s__Prevotella_intermedia,s__Streptococcus_timonensis,129,74,-0.367596623830569,-0.404767876985263,0.0371712531546937,0.768405146483415,g2-
s__Prevotella_intermedia,s__Veillonella_atypica,131,74,0.359537476552642,0.207768301745494,0.151769174807147,0.263338484710661,g1+
s__Prevotella_intermedia,s__Veillonella_parvula,130,73,0.259946498630385,0.330098264084904,0.0701517654545184,0.605502579217473,g2+
s__Prevotella_intermedia,s__Veillonella_tobetsuensis,128,72,0.360284298459764,0.296623996823732,0.0636603016360319,0.634025689631323,g1+
s__Prevotella_jejuni,s__Prevotella_melaninogenica,123,67,0.490222251177137,0.469674261096074,0.0205479900810628,0.863043684348213,g1+
s__Prevotella_jejuni,s__Prevotella_nanceiensis,111,67,0.389478021069348,0.351455571491696,0.0380224495776526,0.77990654765865,g1+
s__Prevotella_jejuni,s__Prevotella_pallens,118,65,0.63932028657869,0.68492465795908,0.04560437138039,0.605816016583627,g2+
s__Prevotella_jejuni,s__Prevotella_salivae,116,66,0.706530690787626,0.682245197131794,0.0242854936558325,0.765391158839309,g1+
s__Prevotella_jejuni,s__Prevotella_sp._oral_taxon_306,101,63,0.666340303010717,0.707161851033647,0.0408215480229303,0.637012353572324,g2+
s__Prevotella_jejuni,s__Prevotella_vespertina,105,60,0.684331872459158,0.677699360025427,0.00663251243373031,0.94037555505441,g1+
s__Prevotella_jejuni,s__Rothia_sp._HMSC065C12,124,66,-0.174658611050159,-0.347572193125471,0.172913582075312,0.230697442499546,g2-
s__Prevotella_jejuni,s__Rothia_sp._HMSC072B04,124,66,-0.136295414481569,-0.401382435355268,0.265087020873699,0.0636425736434172,g2-
s__Prevotella_jejuni,s__Rothia_sp._P3C3_S176,122,65,-0.128695269378881,-0.350885496922132,0.222190227543252,0.130179405516055,g2-
s__Prevotella_jejuni,s__Schaalia_odontolytica,121,66,0.31571679824637,0.0905517898233443,0.225165008423026,0.13028325529846,g1+
s__Prevotella_jejuni,s__Solobacterium_moorei,87,55,0.335538983541339,0.333949246534642,0.00158973700669651,0.991904509456498,g1+
s__Prevotella_jejuni,s__Streptococcus_australis,123,67,-0.458807814840771,-0.326406785451922,0.132401029388848,0.310437451160346,g1-
s__Prevotella_jejuni,s__Streptococcus_mitis,124,67,-0.397058311692041,-0.445026325659119,0.0479680139670781,0.705888365765344,g2-
s__Prevotella_jejuni,s__Streptococcus_oralis,124,67,-0.328194079220639,-0.28151881279156,0.0466752664290783,0.739119956915117,g1-
s__Prevotella_jejuni,s__Streptococcus_pneumoniae,124,67,-0.365487909615405,-0.397153190635227,0.0316652810198222,0.810510050241389,g2-
s__Prevotella_jejuni,s__Streptococcus_pseudopneumoniae,123,67,-0.276319874459687,-0.338529557153844,0.0622096826941564,0.656981614628874,g2-
s__Prevotella_jejuni,s__Streptococcus_rubneri,120,67,-0.434314068972082,-0.337297909861055,0.0970161591110267,0.462778100245904,g1-
s__Prevotella_jejuni,s__Streptococcus_sp._1001283B150225_161107_H12,118,63,-0.423141966354715,-0.262689390855404,0.160452575499311,0.251765771633071,g1-
s__Prevotella_jejuni,s__Streptococcus_sp._343_SSPC,118,62,-0.454247696174684,-0.25039350494658,0.203854191228105,0.143600629072001,g1-
s__Prevotella_jejuni,s__Streptococcus_sp._A12,115,64,-0.484011805585614,-0.271348360045147,0.212663445540468,0.116328794198542,g1-
s__Prevotella_jejuni,s__Streptococcus_sp._HMSC062D07,119,67,-0.30446093106733,-0.374333061384658,0.0698721303173281,0.611800063810156,g2-
s__Prevotella_jejuni,s__Streptococcus_sp._HMSC067H01,122,67,-0.377334373744739,-0.337463787248754,0.0398705864959851,0.768033171294088,g1-
s__Prevotella_jejuni,s__Streptococcus_sp._Marseille_Q0941,122,67,-0.412776795744651,-0.447107698744923,0.0343309030002725,0.785806517297701,g2-
s__Prevotella_jejuni,s__Streptococcus_sp._Marseille_Q3533,121,66,-0.378318398419367,-0.348062191014736,0.0302562074046304,0.82322479340778,g1-
s__Prevotella_jejuni,s__Streptococcus_sp._Marseille_Q4154,120,66,-0.327056773699072,-0.415305799184224,0.0882490254851517,0.511970212761804,g2-
s__Prevotella_jejuni,s__Streptococcus_sp._Marseille_Q6470,120,65,-0.239895140350872,-0.335373940727372,0.0954788003764996,0.507085515949859,g2-
s__Prevotella_jejuni,s__Streptococcus_sp._oral_taxon_431,123,67,-0.315100046178753,-0.333828726616397,0.0187286804376433,0.8924206328643,g2-
s__Prevotella_jejuni,s__Streptococcus_sp._XMC,118,66,-0.475186881849374,-0.185137423038278,0.290049458811096,0.0355668031571621,g1-
s__Prevotella_jejuni,s__Streptococcus_timonensis,123,67,-0.35529461661701,-0.347587797563248,0.0077068190537618,0.954698694702513,g1-
s__Prevotella_jejuni,s__Veillonella_atypica,124,67,0.675779235005451,0.540228113622984,0.135551121382467,0.160663035231998,g1+
s__Prevotella_jejuni,s__Veillonella_dispar,123,67,0.517840918668341,0.353027571890364,0.164813346777977,0.186466586379447,g1+
s__Prevotella_jejuni,s__Veillonella_nakazawae,121,67,0.525078769362817,0.449129027270906,0.0759497420919111,0.520650788203346,g1+
s__Prevotella_jejuni,s__Veillonella_parvula,123,67,0.378839230732133,0.373712620210879,0.00512661052125396,0.969222158616269,g1+
s__Prevotella_jejuni,s__Veillonella_sp._CLA_AA_H247,120,67,0.47260623735187,0.343399150307739,0.129207087044131,0.317290966283346,g1+
s__Prevotella_jejuni,s__Veillonella_tobetsuensis,122,67,0.405247154067296,0.431728716419438,0.0264815623521419,0.835904214876595,g2+
s__Prevotella_melaninogenica,s__Prevotella_nanceiensis,118,71,0.573103262121748,0.493507028086263,0.079596234035485,0.466295470728916,g1+
s__Prevotella_melaninogenica,s__Prevotella_pallens,125,69,0.615833242097567,0.542842831076218,0.0729904110213484,0.471241554739821,g1+
s__Prevotella_melaninogenica,s__Prevotella_salivae,123,69,0.552030875923234,0.488000405836474,0.0640304700867595,0.566404369449527,g1+
s__Prevotella_melaninogenica,s__Prevotella_sp._oral_taxon_306,101,65,0.27765468552711,0.482518892022718,0.204864206495608,0.137306815518695,g2+
s__Prevotella_melaninogenica,s__Prevotella_vespertina,106,62,0.322643857447599,0.476916646591522,0.154272789143923,0.258754330294432,g2+
s__Prevotella_melaninogenica,s__Schaalia_odontolytica,134,73,0.316168684593753,0.174300977558114,0.141867707035639,0.306855467313436,g1+
s__Prevotella_melaninogenica,s__Streptococcus_mitis,138,74,-0.375611344393047,-0.214782382768088,0.160828961624959,0.227923952571274,g1-
s__Prevotella_melaninogenica,s__Streptococcus_oralis,138,74,-0.449804450464894,-0.190922520276217,0.258881930188677,0.0470252296794889,g1-
s__Prevotella_melaninogenica,s__Streptococcus_pneumoniae,138,74,-0.378411166707094,-0.26444326389195,0.113967902815144,0.385116693396886,g1-
s__Prevotella_melaninogenica,s__Streptococcus_pseudopneumoniae,137,74,-0.317446517249981,-0.136016480947051,0.18143003630293,0.19101345442813,g1-
s__Prevotella_melaninogenica,s__Streptococcus_sanguinis,138,74,-0.396357933659219,-0.152797628761448,0.24356030489777,0.0703288699632578,g1-
s__Prevotella_melaninogenica,s__Streptococcus_sp._343_SSPC,131,67,-0.315236525042459,-0.0540834027833548,0.261153122259104,0.0753895022876054,g1-
s__Prevotella_melaninogenica,s__Streptococcus_sp._A12,129,70,-0.34070215784355,-0.0535705514893588,0.287131606354191,0.0463192056742576,g1-
s__Prevotella_melaninogenica,s__Streptococcus_sp._Marseille_Q0941,136,73,-0.321826720427936,-0.163561489637817,0.158265230790119,0.253431729296091,g1-
s__Prevotella_melaninogenica,s__Streptococcus_sp._XMC,132,71,-0.332481455390205,-0.0628954368100669,0.269586018580138,0.0592929239540825,g1-
s__Prevotella_melaninogenica,s__Veillonella_atypica,137,73,0.558369786980469,0.348717291425948,0.209652495554522,0.07076843594391,g1+
s__Prevotella_melaninogenica,s__Veillonella_dispar,136,74,0.52670596754988,0.403749170127824,0.122956797422056,0.28405025581714,g1+
s__Prevotella_melaninogenica,s__Veillonella_nakazawae,132,73,0.49882300498262,0.40431336073795,0.0945096442446703,0.422997408769553,g1+
s__Prevotella_melaninogenica,s__Veillonella_rogosae,133,74,0.388759248363667,0.287487079579947,0.10127216878372,0.43775424171905,g1+
s__Prevotella_melaninogenica,s__Veillonella_sp._CLA_AA_H247,128,71,0.429940171910394,0.221235668315655,0.208704503594738,0.119073646378313,g1+
s__Prevotella_melaninogenica,s__Veillonella_sp._oral_taxon_158,135,72,0.412803033749645,0.232662443768453,0.180140589981192,0.173939786397303,g1+
s__Prevotella_melaninogenica,s__Veillonella_sp._S13053_19,134,71,0.387760443414306,0.228303077181377,0.159457366232928,0.236949432431407,g1+
s__Prevotella_melaninogenica,s__Veillonella_tobetsuensis,135,71,0.553960070182624,0.242040026870388,0.311920043312236,0.0115194044633338,g1+
s__Prevotella_nanceiensis,s__Prevotella_pallens,112,67,0.487844835761307,0.526622848133743,0.0387780123724359,0.740130982817901,g2+
s__Prevotella_nanceiensis,s__Prevotella_salivae,114,68,0.514166221779765,0.423989480777938,0.0901767410018269,0.45831242643758,g1+
s__Prevotella_nanceiensis,s__Prevotella_sp._oral_taxon_306,96,65,0.417228585572285,0.481093865704472,0.063865280132187,0.625273028918333,g2+
s__Prevotella_nanceiensis,s__Prevotella_vespertina,99,62,0.41452983950795,0.398671843830905,0.0158579956770449,0.908560911611006,g1+
s__Prevotella_nanceiensis,s__Solobacterium_moorei,85,58,0.319016385913959,0.240027612462328,0.0789887734516313,0.622728822894928,g1+
s__Prevotella_nanceiensis,s__Streptococcus_cristatus,117,71,-0.368774617823427,-0.190881390703026,0.177893227120401,0.206051270586914,g1-
s__Prevotella_nanceiensis,s__Streptococcus_gordonii,118,71,-0.226106260059623,-0.304536075493509,0.0784298154338864,0.581005799623162,g2-
s__Prevotella_nanceiensis,s__Streptococcus_mitis,118,71,-0.36463299666517,-0.20564909581261,0.15898390085256,0.25646388051755,g1-
s__Prevotella_nanceiensis,s__Streptococcus_oralis,118,71,-0.304775993929789,-0.265982436284277,0.0387935576455123,0.78244954797952,g1-
s__Prevotella_nanceiensis,s__Streptococcus_pneumoniae,118,71,-0.306479111103943,-0.273860579393022,0.032618531710921,0.81586864750967,g1-
s__Prevotella_nanceiensis,s__Streptococcus_pseudopneumoniae,117,71,-0.288602836284631,-0.319436678462647,0.0308338421780157,0.824505527607015,g2-
s__Prevotella_nanceiensis,s__Streptococcus_sanguinis,118,71,-0.464635723709898,-0.315038142048708,0.14959758166119,0.24704395556304,g1-
s__Prevotella_nanceiensis,s__Streptococcus_sp._1001283B150225_161107_H12,113,67,-0.349460730789565,0.0530689966077467,0.402529727397312,0.00784928631897053,g1-
s__Prevotella_nanceiensis,s__Streptococcus_sp._343_SSPC,114,66,-0.344307412892465,0.0130461172451035,0.357353530137568,0.0183529491941279,g1-
s__Prevotella_nanceiensis,s__Streptococcus_sp._HMSC034E03,116,71,-0.329650399784098,-0.319821959895578,0.0098284398885195,0.942929577752981,g1-
s__Prevotella_nanceiensis,s__Streptococcus_sp._HMSC067H01,116,71,-0.324273706866582,-0.327060193284585,0.0027864864180025,0.983796340221854,g2-
s__Prevotella_nanceiensis,s__Streptococcus_sp._oral_taxon_431,117,71,-0.31383133171092,-0.2801044761749,0.0337268555360198,0.809215807984613,g1-
s__Prevotella_nanceiensis,s__Streptococcus_sp._XMC,114,70,-0.338221775619069,-0.0850712249739397,0.25315055064513,0.0846024937684167,g1-
s__Prevotella_nanceiensis,s__Veillonella_atypica,118,71,0.386964846357027,0.234288678801789,0.152676167555237,0.267844904740473,g1+
s__Prevotella_nanceiensis,s__Veillonella_tobetsuensis,116,70,0.375466866806597,0.257895822701964,0.117571044104633,0.395842611124324,g1+
s__Prevotella_pallens,s__Prevotella_salivae,116,68,0.597766477423487,0.652278693908217,0.0545122164847296,0.564952731819178,g2+
s__Prevotella_pallens,s__Prevotella_sp._oral_taxon_306,100,63,0.485738889521928,0.675249873451757,0.18951098392983,0.0775916753720973,g2+
s__Prevotella_pallens,s__Prevotella_vespertina,104,61,0.567488852030992,0.630799190185719,0.0633103381547265,0.548175743560928,g2+
s__Prevotella_pallens,s__Rothia_mucilaginosa,125,69,-0.161437585299734,-0.312950743913317,0.151513158613582,0.29218798761104,g2-
s__Prevotella_pallens,s__Rothia_sp._P3C3_S176,122,67,-0.192287850281809,-0.313052055284902,0.120764205003094,0.404518487475337,g2-
s__Prevotella_pallens,s__Solobacterium_moorei,87,56,0.35929854041495,0.504987135451894,0.145688595036944,0.30511923793293,g2+
s__Prevotella_pallens,s__Streptococcus_australis,124,69,-0.358943635133643,-0.200413816858324,0.15852981827532,0.259597651871924,g1-
s__Prevotella_pallens,s__Streptococcus_cristatus,124,69,-0.314563041626178,-0.0908038895174195,0.223759152108759,0.125335637194124,g1-
s__Prevotella_pallens,s__Streptococcus_gordonii,125,69,-0.435744497766397,-0.214254981338053,0.221489516428344,0.102724605029367,g1-
s__Prevotella_pallens,s__Streptococcus_mitis,125,69,-0.455723593271496,-0.407061065100233,0.0486625281712632,0.695450186305777,g1-
s__Prevotella_pallens,s__Streptococcus_oralis,125,69,-0.517092418432526,-0.375410670729035,0.141681747703491,0.244966919848986,g1-
s__Prevotella_pallens,s__Streptococcus_pneumoniae,125,69,-0.424722568970911,-0.436006594931385,0.0112840259604746,0.927781266781327,g2-
s__Prevotella_pallens,s__Streptococcus_pseudopneumoniae,124,69,-0.309870768419277,-0.269304747524375,0.0405660208949019,0.772257328664969,g1-
s__Prevotella_pallens,s__Streptococcus_sanguinis,125,69,-0.434322005710607,-0.124442943887834,0.309879061822773,0.0260210956724318,g1-
s__Prevotella_pallens,s__Streptococcus_sp._1001283B150225_161107_H12,119,65,-0.303653783376308,-0.0261495293005711,0.277504254075737,0.0677383204111945,g1-
s__Prevotella_pallens,s__Streptococcus_sp._343_SSPC,120,63,-0.322219723290524,-0.0619664927905436,0.260253230499981,0.0866292196894207,g1-
s__Prevotella_pallens,s__Streptococcus_sp._A12,117,66,-0.361095574758803,0.0237891631922634,0.384884737951066,0.0104572663722244,g1-
s__Prevotella_pallens,s__Streptococcus_sp._Marseille_Q0941,123,69,-0.304777508349095,-0.305187902271119,0.000410393922023966,0.997644158265909,g2-
s__Prevotella_pallens,s__Streptococcus_sp._Marseille_Q4154,122,69,-0.279741235811823,-0.317189404359047,0.0374481685472244,0.788768939253198,g2-
s__Prevotella_pallens,s__Streptococcus_sp._UMB0029,120,69,-0.304840457082931,-0.0464998159657676,0.258340641117163,0.0813439590129807,g1-
s__Prevotella_pallens,s__Streptococcus_sp._XMC,120,67,-0.410843262937417,-0.0677232437953023,0.343120019142114,0.017687440286178,g1-
s__Prevotella_pallens,s__Veillonella_atypica,124,68,0.49023106849354,0.343779027178652,0.146452041314888,0.247096336135402,g1+
s__Prevotella_pallens,s__Veillonella_dispar,124,69,0.365255188342541,0.139923022272912,0.225332166069629,0.11363813727233,g1+
s__Prevotella_pallens,s__Veillonella_nakazawae,122,68,0.376224623918875,0.196809556845329,0.179415067073545,0.203239401099845,g1+
s__Prevotella_pallens,s__Veillonella_parvula,124,67,0.144640468565782,0.330619114154368,0.185978645588587,0.200495927719226,g2+
s__Prevotella_pallens,s__Veillonella_tobetsuensis,123,67,0.515402350448917,0.366249868936564,0.149152481512352,0.229558240958458,g1+
s__Prevotella_salivae,s__Prevotella_sp._oral_taxon_306,101,64,0.633610317522308,0.715018373877561,0.0814080563552531,0.357856210126672,g2+
s__Prevotella_salivae,s__Prevotella_vespertina,103,62,0.671045068682668,0.782324186574968,0.1112791178923,0.145946392412831,g2+
s__Prevotella_salivae,s__Rothia_sp._P3C3_S176,121,67,-0.0566028516648096,-0.316150016195449,0.259547164530639,0.081202771620722,g2-
s__Prevotella_salivae,s__Schaalia_odontolytica,122,68,0.363891763839473,0.100676965195577,0.263214798643896,0.069115034513626,g1+
s__Prevotella_salivae,s__Solobacterium_moorei,88,56,0.360985099308528,0.33864182934003,0.0223432699684983,0.884339405378044,g1+
s__Prevotella_salivae,s__Streptococcus_australis,122,69,-0.571131758804128,-0.539894301847442,0.031237456956686,0.768396786814465,g1-
s__Prevotella_salivae,s__Streptococcus_infantis,122,69,-0.339064235049726,-0.343976690774285,0.00491245572455867,0.971095517625465,g2-
s__Prevotella_salivae,s__Streptococcus_mitis,123,69,-0.455358006164879,-0.20680041345233,0.248557592712549,0.0661167009952124,g1-
s__Prevotella_salivae,s__Streptococcus_oralis,123,69,-0.355860054541661,-0.263463248407578,0.0923968061340839,0.504375925909675,g1-
s__Prevotella_salivae,s__Streptococcus_pneumoniae,123,69,-0.391525908256843,-0.20409822298689,0.187427685269953,0.177620895585487,g1-
s__Prevotella_salivae,s__Streptococcus_pseudopneumoniae,122,69,-0.41066305459157,-0.307256557653865,0.103406496937705,0.438526414653362,g1-
s__Prevotella_salivae,s__Streptococcus_rubneri,119,69,-0.512896620363652,-0.464375815335122,0.0485208050285295,0.679134423842534,g1-
s__Prevotella_salivae,s__Streptococcus_sp._1001283B150225_161107_H12,118,65,-0.549890793762722,-0.330554814303275,0.219335979459447,0.0811682585661471,g1-
s__Prevotella_salivae,s__Streptococcus_sp._343_SSPC,119,63,-0.589565684265673,-0.414839873752696,0.174725810512977,0.138525414669309,g1-
s__Prevotella_salivae,s__Streptococcus_sp._A12,115,66,-0.586275745648562,-0.350877074794464,0.235398670854098,0.0523740006571618,g1-
s__Prevotella_salivae,s__Streptococcus_sp._F0442,120,69,-0.32795717720481,-0.185350124075732,0.142607053129078,0.320221617513693,g1-
s__Prevotella_salivae,s__Streptococcus_sp._HMSC034E03,121,69,-0.305994655824695,-0.279078842206422,0.0269158136182725,0.848121644476071,g1-
s__Prevotella_salivae,s__Streptococcus_sp._HMSC061D10,121,69,-0.250059249659045,-0.306269997817788,0.0562107481587422,0.691722133567279,g2-
s__Prevotella_salivae,s__Streptococcus_sp._HMSC062D07,117,69,-0.297366284104911,-0.416292333543326,0.118926049438414,0.377252447979174,g2-
s__Prevotella_salivae,s__Streptococcus_sp._HMSC067H01,121,69,-0.441405287254547,-0.46032844564643,0.0189231583918823,0.877188340870921,g2-
s__Prevotella_salivae,s__Streptococcus_sp._HMSC074B11,120,69,-0.257252364453673,-0.321854174050677,0.0646018095970034,0.646745431286729,g2-
s__Prevotella_salivae,s__Streptococcus_sp._Marseille_Q0941,121,69,-0.531667214670303,-0.543725728229154,0.0120585135588503,0.912122309796044,g2-
s__Prevotella_salivae,s__Streptococcus_sp._Marseille_Q3533,120,67,-0.449328207673041,-0.442622593140748,0.0067056145322924,0.95706350362596,g1-
s__Prevotella_salivae,s__Streptococcus_sp._Marseille_Q4154,120,68,-0.396058969394514,-0.470026304644711,0.0739673352501972,0.555771489091367,g2-
s__Prevotella_salivae,s__Streptococcus_sp._Marseille_Q6470,120,67,-0.329095236668397,-0.397737819322833,0.0686425826544359,0.610709494220784,g2-
s__Prevotella_salivae,s__Streptococcus_sp._oral_taxon_061,118,66,-0.234335580905353,-0.334965233474949,0.100629652569596,0.484255001695312,g2-
s__Prevotella_salivae,s__Streptococcus_sp._oral_taxon_431,122,69,-0.384444761345198,-0.403460987735362,0.0190162263901639,0.883388494302327,g2-
s__Prevotella_salivae,s__Streptococcus_sp._XMC,118,67,-0.563072929939931,-0.339976987487956,0.223095942451976,0.0693229885274098,g1-
s__Prevotella_salivae,s__Streptococcus_timonensis,121,69,-0.417727436634283,-0.423713035035224,0.00598559840094065,0.962260541001294,g2-
s__Prevotella_salivae,s__Veillonella_atypica,123,69,0.681971668095539,0.547439060835391,0.134532607260147,0.15473194169428,g1+
s__Prevotella_salivae,s__Veillonella_dispar,122,69,0.558773969676994,0.311433098689804,0.24734087098719,0.0441352006540252,g1+
s__Prevotella_salivae,s__Veillonella_nakazawae,120,69,0.545888231878507,0.361799693191081,0.184088538687426,0.129236714601525,g1+
s__Prevotella_salivae,s__Veillonella_parvula,122,68,0.459498347017403,0.440984847285686,0.0185134997317169,0.880317533634427,g1+
s__Prevotella_salivae,s__Veillonella_sp._CLA_AA_H247,118,68,0.546367296482265,0.285125479290294,0.26124181719197,0.0392333555033484,g1+
s__Prevotella_salivae,s__Veillonella_tobetsuensis,121,68,0.420355199912523,0.364267318320475,0.0560878815920487,0.667636255596301,g1+
s__Prevotella_sp._oral_taxon_306,s__Prevotella_vespertina,95,59,0.897526080564126,0.849406448444053,0.0481196321200735,0.225716018923682,g1+
s__Prevotella_sp._oral_taxon_306,s__Rothia_mucilaginosa,101,65,-0.0594323740453635,-0.354535558581023,0.295103184535659,0.0552077295471116,g2-
s__Prevotella_sp._oral_taxon_306,s__Rothia_sp._HMSC065C12,101,64,-0.01392027039819,-0.382686296724104,0.368766026325914,0.0169887283461065,g2-
s__Prevotella_sp._oral_taxon_306,s__Rothia_sp._HMSC072B04,101,64,-0.0877586799721669,-0.365515704763268,0.277757024791101,0.070234853588901,g2-
s__Prevotella_sp._oral_taxon_306,s__Solobacterium_moorei,81,55,0.353683881155637,0.235775382154436,0.117908499001201,0.469974111222706,g1+
s__Prevotella_sp._oral_taxon_306,s__Streptococcus_australis,101,65,-0.485814616498149,-0.42510927089631,0.0607053456018392,0.636655442243092,g1-
s__Prevotella_sp._oral_taxon_306,s__Streptococcus_infantis,101,65,-0.209187469222841,-0.326233192088149,0.117045722865308,0.43643936486375,g2-
s__Prevotella_sp._oral_taxon_306,s__Streptococcus_mitis,101,65,-0.336155188836909,-0.353533012229501,0.0173778233925923,0.903257229025653,g2-
s__Prevotella_sp._oral_taxon_306,s__Streptococcus_pneumoniae,101,65,-0.314852622196365,-0.292160056104087,0.0226925660922787,0.877578885391086,g1-
s__Prevotella_sp._oral_taxon_306,s__Streptococcus_rubneri,98,65,-0.465458953965934,-0.438496357447251,0.0269625965186829,0.835559584853818,g1-
s__Prevotella_sp._oral_taxon_306,s__Streptococcus_sp._1001283B150225_161107_H12,98,61,-0.488125245600434,-0.359105217546141,0.129020028054293,0.343842936848813,g1-
s__Prevotella_sp._oral_taxon_306,s__Streptococcus_sp._263_SSPC,100,65,-0.0895490074345507,-0.335727621363308,0.246178613928757,0.11052633072462,g2-
s__Prevotella_sp._oral_taxon_306,s__Streptococcus_sp._343_SSPC,99,60,-0.44352418870002,-0.368501937280488,0.0750222514195318,0.590742820515873,g1-
s__Prevotella_sp._oral_taxon_306,s__Streptococcus_sp._A12,95,62,-0.48416058422187,-0.338624116818754,0.145536467403116,0.291688440243423,g1-
s__Prevotella_sp._oral_taxon_306,s__Streptococcus_sp._F0442,100,65,-0.309721892739617,-0.166884707687422,0.142837185052196,0.350588670540473,g1-
s__Prevotella_sp._oral_taxon_306,s__Streptococcus_sp._HMSC034E03,100,65,-0.107979940741355,-0.335686496981078,0.227706556239723,0.138586713442019,g2-
s__Prevotella_sp._oral_taxon_306,s__Streptococcus_sp._HMSC062D07,97,65,-0.223883215715332,-0.409984409387451,0.186101193672118,0.203930608743437,g2-
s__Prevotella_sp._oral_taxon_306,s__Streptococcus_sp._HMSC067H01,100,65,-0.347825470372151,-0.451091375716658,0.103265905344507,0.448995830879865,g2-
s__Prevotella_sp._oral_taxon_306,s__Streptococcus_sp._Marseille_Q0941,100,65,-0.379930201833777,-0.511240944554552,0.131310742720775,0.31188955580558,g2-
s__Prevotella_sp._oral_taxon_306,s__Streptococcus_sp._Marseille_Q3533,99,64,-0.328444690556581,-0.436149670308,0.107704979751419,0.440199410792408,g2-
s__Prevotella_sp._oral_taxon_306,s__Streptococcus_sp._Marseille_Q4154,99,64,-0.233784804630971,-0.426750594704163,0.192965790073192,0.183606508458703,g2-
s__Prevotella_sp._oral_taxon_306,s__Streptococcus_sp._Marseille_Q6470,99,63,-0.188627029146069,-0.383255957957409,0.194628928811339,0.195657625090687,g2-
s__Prevotella_sp._oral_taxon_306,s__Streptococcus_sp._oral_taxon_061,98,64,-0.167701946660748,-0.326740624745333,0.159038678084585,0.300501492746488,g2-
s__Prevotella_sp._oral_taxon_306,s__Streptococcus_sp._oral_taxon_431,101,65,-0.244302581940904,-0.341333637307676,0.0970310553667723,0.512600480309597,g2-
s__Prevotella_sp._oral_taxon_306,s__Streptococcus_sp._XMC,98,64,-0.439252978752482,-0.253609174554439,0.185643804198043,0.196237017886994,g1-
s__Prevotella_sp._oral_taxon_306,s__Streptococcus_timonensis,100,65,-0.338682946167742,-0.411917451407087,0.0732345052393449,0.599797131000155,g2-
s__Prevotella_sp._oral_taxon_306,s__Veillonella_atypica,101,65,0.492375688007394,0.582346984912988,0.0899712969055932,0.434517481216278,g2+
s__Prevotella_sp._oral_taxon_306,s__Veillonella_dispar,101,65,0.356088368198731,0.302250204561758,0.0538381636369723,0.70971556415443,g1+
s__Prevotella_sp._oral_taxon_306,s__Veillonella_nakazawae,100,65,0.320009337907953,0.37541779371473,0.0554084558067767,0.698156431609154,g2+
s__Prevotella_sp._oral_taxon_306,s__Veillonella_parvula,101,64,0.281818248224363,0.508708113799418,0.226889865575055,0.0961716964040602,g2+
s__Prevotella_sp._oral_taxon_306,s__Veillonella_sp._CLA_AA_H247,101,65,0.357379595965204,0.30832431781235,0.049055278152854,0.733798493911821,g1+
s__Prevotella_sp._oral_taxon_306,s__Veillonella_tobetsuensis,101,65,0.222088149033623,0.395356982221918,0.173268833188295,0.236050369930541,g2+
s__Prevotella_vespertina,s__Rothia_mucilaginosa,106,62,-0.0825688866524519,-0.311220179172294,0.228651292519842,0.143013760298278,g2-
s__Prevotella_vespertina,s__Rothia_sp._HMSC065C12,106,62,-0.0278482149814113,-0.332133180889757,0.304284965908346,0.0519198436594182,g2-
s__Prevotella_vespertina,s__Solobacterium_moorei,82,53,0.309342502686011,0.28357209702817,0.0257704056578404,0.87575291978339,g1+
s__Prevotella_vespertina,s__Streptococcus_australis,106,62,-0.528690401604271,-0.426102272728246,0.102588128876025,0.414602145808829,g1-
s__Prevotella_vespertina,s__Streptococcus_gordonii,106,62,-0.314178246411315,-0.0785111756633651,0.23566707074795,0.131105848804792,g1-
s__Prevotella_vespertina,s__Streptococcus_infantis,106,62,-0.226768800361146,-0.328464832721235,0.10169603236009,0.499220193623634,g2-
s__Prevotella_vespertina,s__Streptococcus_mitis,106,62,-0.414698766384252,-0.323384882940818,0.0913138834434335,0.516789411149162,g1-
s__Prevotella_vespertina,s__Streptococcus_pneumoniae,106,62,-0.366982081996129,-0.325359858217555,0.0416222237785739,0.77204088149536,g1-
s__Prevotella_vespertina,s__Streptococcus_rubneri,104,62,-0.47923610351319,-0.474643995850045,0.00459210766314422,0.971061807971779,g1-
s__Prevotella_vespertina,s__Streptococcus_sp._1001283B150225_161107_H12,102,59,-0.547644979397885,-0.271954065030834,0.27569091436705,0.0444612388797891,g1-
s__Prevotella_vespertina,s__Streptococcus_sp._343_SSPC,104,58,-0.473124634841645,-0.301852425793979,0.171272209047666,0.226826361836168,g1-
s__Prevotella_vespertina,s__Streptococcus_sp._A12,100,60,-0.525708112587681,-0.254594902461849,0.271113210125832,0.0523041718941097,g1-
s__Prevotella_vespertina,s__Streptococcus_sp._HMSC062D07,103,62,-0.249445813745263,-0.414153045837899,0.164707232092636,0.25773527961099,g2-
s__Prevotella_vespertina,s__Streptococcus_sp._HMSC067H01,105,62,-0.350645471631171,-0.381370084037625,0.0307246124064541,0.828260280800872,g2-
s__Prevotella_vespertina,s__Streptococcus_sp._Marseille_Q0941,105,62,-0.407801567057936,-0.514659914172682,0.106858347114746,0.405437261797391,g2-
s__Prevotella_vespertina,s__Streptococcus_sp._Marseille_Q3533,105,61,-0.329105794793912,-0.433601026351978,0.104495231558067,0.456347932353971,g2-
s__Prevotella_vespertina,s__Streptococcus_sp._Marseille_Q4154,105,61,-0.272506556408894,-0.459547083414517,0.187040527005623,0.186657452576989,g2-
s__Prevotella_vespertina,s__Streptococcus_sp._Marseille_Q6470,105,60,-0.189725093928513,-0.423286051303239,0.233560957374727,0.116410696033808,g2-
s__Prevotella_vespertina,s__Streptococcus_sp._oral_taxon_061,104,60,-0.128985401149842,-0.301239245337747,0.172253844187905,0.274122720505069,g2-
s__Prevotella_vespertina,s__Streptococcus_sp._oral_taxon_431,106,62,-0.276735533582243,-0.349560633383888,0.072825099801645,0.620687084187015,g2-
s__Prevotella_vespertina,s__Streptococcus_sp._XMC,103,61,-0.485330882921384,-0.19782447136728,0.287506411554105,0.0459155500383142,g1-
s__Prevotella_vespertina,s__Streptococcus_timonensis,105,62,-0.353850203307977,-0.38916107900858,0.035310875700603,0.802200331097275,g2-
s__Prevotella_vespertina,s__Veillonella_atypica,106,62,0.617277258684353,0.604693933343405,0.0125833253409483,0.902118082170891,g1+
s__Prevotella_vespertina,s__Veillonella_dispar,105,62,0.467098841013732,0.298962562654148,0.168136278359584,0.226135582421071,g1+
s__Prevotella_vespertina,s__Veillonella_nakazawae,105,62,0.453627263427923,0.359078057720863,0.0945492057070602,0.487997980448271,g1+
s__Prevotella_vespertina,s__Veillonella_parvula,105,61,0.326166506290909,0.418667602150608,0.0925010958596992,0.513152076007565,g2+
s__Prevotella_vespertina,s__Veillonella_sp._CLA_AA_H247,104,62,0.440066931613873,0.330124406882158,0.109942524731715,0.42989697996939,g1+
s__Prevotella_vespertina,s__Veillonella_tobetsuensis,105,62,0.335342323683579,0.396021137255011,0.0606788135714322,0.668293067948928,g2+
s__Rothia_aeria,s__Rothia_dentocariosa,132,70,0.404706425962481,0.281869848942876,0.122836577019605,0.354079976741942,g1+
s__Rothia_aeria,s__Rothia_sp._HMSC072B04,138,70,0.340061584869794,0.076671277050163,0.263390307819631,0.0634758996330438,g1+
s__Rothia_aeria,s__Schaalia_sp._ORNL0103,130,66,-0.0565414606984054,-0.369564538413615,0.313023077715209,0.0315550679253347,g2-
s__Rothia_aeria,s__Solobacterium_moorei,92,54,-0.305267162464402,-0.12610969298718,0.179157469477221,0.283044907608548,g1-
s__Rothia_aeria,s__Streptococcus_parasanguinis,138,72,-0.17909823152092,-0.308054977113516,0.128956745592596,0.353364863601751,g2-
s__Rothia_aeria,s__Streptococcus_sp._263_SSPC,138,71,-0.138493798123362,-0.32896770583392,0.190473907710558,0.173741967371211,g2-
s__Rothia_aeria,s__Veillonella_dispar,137,71,-0.24955300954386,-0.331116214195866,0.0815632046520066,0.549354147175159,g2-
s__Rothia_aeria,s__Veillonella_sp._CLA_AA_H247,129,68,-0.258292625289785,-0.458801569115168,0.200508943825383,0.129516163361635,g2-
s__Rothia_dentocariosa,s__Rothia_mucilaginosa,134,73,0.143819833812843,0.390166478853099,0.246346645040256,0.0711389948189773,g2+
s__Rothia_dentocariosa,s__Rothia_sp._HMSC062F03,124,71,0.313869313088229,0.49425537471992,0.180386061631691,0.152502152678977,g2+
s__Rothia_dentocariosa,s__Rothia_sp._HMSC072E10,128,70,0.296836841785161,0.558342954706541,0.261506112921381,0.0321657634899477,g2+
s__Rothia_dentocariosa,s__Schaalia_odontolytica,130,72,-0.0629693160649359,0.30859368195616,0.371562998021096,0.0106331832341093,g2+
s__Rothia_dentocariosa,s__Streptococcus_cristatus,134,73,0.282697029065773,0.309312812550776,0.0266157834850027,0.843784120993526,g2+
s__Rothia_dentocariosa,s__Streptococcus_gordonii,134,73,0.290442709858463,0.409753603605706,0.119310893747243,0.357368675647486,g2+
s__Rothia_dentocariosa,s__Streptococcus_oralis,134,73,0.463140149629181,0.418206201893954,0.0449339477352272,0.706323899572678,g1+
s__Rothia_dentocariosa,s__Streptococcus_parasanguinis,134,73,0.0899208548699291,0.474728136664224,0.384807281794294,0.00401068569218688,g2+
s__Rothia_dentocariosa,s__Streptococcus_sp._HMSC056C01,132,71,0.140747387420376,0.360925774629564,0.220178387209188,0.114897250392965,g2+
s__Rothia_dentocariosa,s__Streptococcus_sp._HMSC061D10,133,72,0.0162796046836781,0.383635064683219,0.367355459999541,0.00918231194478891,g2+
s__Rothia_dentocariosa,s__Streptococcus_sp._HMSC074B11,132,72,0.00649575819326589,0.374839666386741,0.368343908193475,0.00936521995286133,g2+
s__Rothia_dentocariosa,s__Streptococcus_sp._HSISS2,126,70,0.113446237444543,0.327751377313585,0.214305139869042,0.136002253502713,g2+
s__Rothia_dentocariosa,s__Streptococcus_sp._Marseille_Q3533,132,70,-0.192153731820437,-0.326276566530557,0.13412283471012,0.33867288765754,g2-
s__Rothia_dentocariosa,s__Streptococcus_sp._SK140,131,71,0.0961298620932888,0.46256152137325,0.366431659279961,0.0070780329901925,g2+
s__Rothia_dentocariosa,s__Streptococcus_vestibularis,132,73,0.336901137299952,0.163571421437485,0.173329715862468,0.211360821194402,g1+
s__Rothia_dentocariosa,s__Veillonella_parvula,133,71,0.0540775448691575,0.33216314847926,0.278085603610103,0.0517442872794676,g2+
s__Rothia_mucilaginosa,s__Rothia_sp._HMSC062F03,130,74,0.508750986846495,0.646493822863336,0.137742836016841,0.160002373754423,g2+
s__Rothia_mucilaginosa,s__Rothia_sp._HMSC065C12,141,76,0.397019200800785,0.562984560573089,0.165965359772304,0.133613077255326,g2+
s__Rothia_mucilaginosa,s__Rothia_sp._HMSC072B04,142,76,0.428232770797994,0.684221617984862,0.255988847186868,0.00869110621180691,g2+
s__Rothia_mucilaginosa,s__Rothia_sp._HMSC072E10,133,73,0.497402153023185,0.605174963135413,0.107772810112228,0.29445690235496,g2+
s__Rothia_mucilaginosa,s__Rothia_sp._P3C3_S176,139,75,0.529877561425442,0.602614288155328,0.0727367267298864,0.461737930937094,g2+
s__Rothia_mucilaginosa,s__Schaalia_odontolytica,138,76,0.282709013176756,0.403524689072634,0.120815675895878,0.344872290888269,g2+
s__Rothia_mucilaginosa,s__Schaalia_sp._ORNL0103,133,71,0.153391747404852,0.313410991593753,0.160019244188902,0.256803830840711,g2+
s__Rothia_mucilaginosa,s__Streptococcus_infantis,142,77,0.243043806579272,0.51436795808393,0.271324151504658,0.0258660643009871,g2+
s__Rothia_mucilaginosa,s__Streptococcus_parasanguinis,143,77,0.38724512048896,0.506757381037721,0.119512260548761,0.297275206347213,g2+
s__Rothia_mucilaginosa,s__Streptococcus_salivarius,143,77,0.309845930022635,0.343547642301951,0.0337017122793159,0.792898095090461,g2+
s__Rothia_mucilaginosa,s__Streptococcus_sp._263_SSPC,141,76,0.320723882999897,0.483134742797026,0.162410859797129,0.178718828754543,g2+
s__Rothia_mucilaginosa,s__Streptococcus_sp._HMSC034E03,141,76,0.128911990438248,0.414165803559443,0.285253813121195,0.0316430605764491,g2+
s__Rothia_mucilaginosa,s__Streptococcus_sp._HMSC056C01,140,75,0.219305691566743,0.520416009333189,0.301110317766446,0.0150220118017386,g2+
s__Rothia_mucilaginosa,s__Streptococcus_sp._HMSC061D10,141,76,0.210231859392464,0.502839758023124,0.29260789863066,0.0189186638501477,g2+
s__Rothia_mucilaginosa,s__Streptococcus_sp._HMSC062D07,136,76,0.197454577328365,0.458474712832099,0.261020135503734,0.0426350828523969,g2+
s__Rothia_mucilaginosa,s__Streptococcus_sp._HMSC074B11,140,76,0.169382958198329,0.575893811008335,0.406510852810006,0.000811568603385382,g2+
s__Rothia_mucilaginosa,s__Streptococcus_sp._HPH0090,141,75,0.313097228770989,0.575615508719519,0.262518279948531,0.0224290718661122,g2+
s__Rothia_mucilaginosa,s__Streptococcus_sp._Marseille_Q0941,141,76,0.149048938178277,0.359072385207694,0.210023447029417,0.118949953469041,g2+
s__Rothia_mucilaginosa,s__Streptococcus_sp._Marseille_Q4154,138,75,0.158239031334875,0.417586639412662,0.259347608077787,0.0506742699663556,g2+
s__Rothia_mucilaginosa,s__Streptococcus_sp._Marseille_Q6470,138,74,0.270081952383126,0.397543400155952,0.127461447772825,0.326727956312539,g2+
s__Rothia_mucilaginosa,s__Streptococcus_sp._oral_taxon_061,136,73,0.168471065067026,0.300876552790801,0.132405487723775,0.341733358863334,g2+
s__Rothia_mucilaginosa,s__Streptococcus_sp._oral_taxon_431,142,77,0.188206145872911,0.516838909419704,0.328632763546793,0.00801612619789482,g2+
s__Rothia_mucilaginosa,s__Streptococcus_sp._SK140,139,75,0.21515404674617,0.570263668307403,0.355109621561232,0.00322075874676719,g2+
s__Rothia_sp._HMSC062F03,s__Rothia_sp._HMSC072E10,125,72,0.769607935341131,0.770558094567281,0.000950159226149938,0.987633616875615,g2+
s__Rothia_sp._HMSC062F03,s__Rothia_sp._P3C3_S176,129,73,0.47647358775874,0.370908096399265,0.105565491359475,0.387075847508492,g1+
s__Rothia_sp._HMSC062F03,s__Schaalia_odontolytica,126,73,0.234008745476865,0.527111632612905,0.293102887136039,0.0202102487088995,g2+
s__Rothia_sp._HMSC062F03,s__Schaalia_sp._ORNL0103,121,68,0.233413966454698,0.393877234683419,0.160463268228721,0.247619633880779,g2+
s__Rothia_sp._HMSC062F03,s__Streptococcus_cristatus,129,74,0.194902529136914,0.369994137418008,0.175091608281094,0.198085045296378,g2+
s__Rothia_sp._HMSC062F03,s__Streptococcus_gordonii,130,74,0.253209488604444,0.427487568948888,0.174278080344445,0.181537707856098,g2+
s__Rothia_sp._HMSC062F03,s__Streptococcus_parasanguinis,130,74,0.427351038728052,0.673027939611418,0.245676900883366,0.0152345324557217,g2+
s__Rothia_sp._HMSC062F03,s__Streptococcus_salivarius,130,74,0.341781507622084,0.352892680765062,0.011111173142978,0.932045997454546,g2+
s__Rothia_sp._HMSC062F03,s__Streptococcus_sp._263_SSPC,128,73,0.170609469334682,0.327015679707478,0.156406210372797,0.262740922178363,g2+
s__Rothia_sp._HMSC062F03,s__Streptococcus_sp._HMSC056C01,127,72,0.0739432398613385,0.363459453458782,0.289516213597444,0.0410867461354305,g2+
s__Rothia_sp._HMSC062F03,s__Streptococcus_sp._HMSC061D10,128,73,0.0134408766792239,0.329844176674726,0.316403299995502,0.0274350722513803,g2+
s__Rothia_sp._HMSC062F03,s__Streptococcus_sp._HMSC074B11,127,73,-0.0547085476275189,0.350764975544106,0.405473523171625,0.00485374585257592,g2+
s__Rothia_sp._HMSC062F03,s__Streptococcus_sp._HPH0090,128,72,0.143870220337696,0.536379811023143,0.392509590685447,0.00245868534855198,g2+
s__Rothia_sp._HMSC062F03,s__Streptococcus_sp._HSISS2,124,71,0.395472696522021,0.495406775850579,0.0999340793285587,0.409772969071406,g2+
s__Rothia_sp._HMSC062F03,s__Streptococcus_sp._Marseille_Q3533,127,71,-0.378650604480988,-0.105373398096202,0.273277206384786,0.0524005675087627,g1-
s__Rothia_sp._HMSC062F03,s__Streptococcus_sp._SK140,127,72,0.127428497912232,0.479652528896526,0.352224030984294,0.00863832057731684,g2+
s__Rothia_sp._HMSC062F03,s__Veillonella_dispar,129,73,0.273767527621922,0.364625805446344,0.0908582778244221,0.496885914645463,g2+
s__Rothia_sp._HMSC062F03,s__Veillonella_parvula,129,72,0.27760859898703,0.318942339519968,0.0413337405329376,0.761881620808034,g2+
s__Rothia_sp._HMSC062F03,s__Veillonella_sp._CLA_AA_H247,120,69,0.346784780542297,0.414119124483672,0.0673343439413742,0.608789695698118,g2+
s__Rothia_sp._HMSC065C12,s__Rothia_sp._HMSC072B04,141,75,0.674197625823322,0.781066222173165,0.106868596349843,0.114106942097719,g2+
s__Rothia_sp._HMSC065C12,s__Rothia_sp._P3C3_S176,139,74,0.374891731908752,0.45413214476402,0.0792404128552679,0.512955691328011,g2+
s__Rothia_sp._HMSC065C12,s__Streptococcus_infantis,140,76,0.279388320767536,0.543122319809295,0.263733999041759,0.0264831289357492,g2+
s__Rothia_sp._HMSC065C12,s__Streptococcus_pseudopneumoniae,140,76,-0.0604126067492556,0.37505592683032,0.435468533579576,0.0016985131147087,g2+
s__Rothia_sp._HMSC065C12,s__Streptococcus_sp._263_SSPC,139,75,0.222720654250251,0.451335697329429,0.228615043079178,0.074592178555835,g2+
s__Rothia_sp._HMSC065C12,s__Streptococcus_sp._HMSC034E03,139,75,0.213667568487719,0.389813539654049,0.176145971166329,0.18188014180584,g2+
s__Rothia_sp._HMSC065C12,s__Streptococcus_sp._HMSC056C01,138,74,0.153911772171206,0.41339276895039,0.259480996779184,0.0522592752462947,g2+
s__Rothia_sp._HMSC065C12,s__Streptococcus_sp._HMSC061D10,139,75,0.253174695138962,0.467353303245526,0.214178608106564,0.0889906367366771,g2+
s__Rothia_sp._HMSC065C12,s__Streptococcus_sp._HMSC062D07,134,75,0.21411691457061,0.561561510293651,0.347444595723042,0.0044172495436523,g2+
s__Rothia_sp._HMSC065C12,s__Streptococcus_sp._HMSC067H01,139,76,0.148073019266732,0.473419200799585,0.325346181532853,0.011812088422348,g2+
s__Rothia_sp._HMSC065C12,s__Streptococcus_sp._HMSC074B11,138,75,0.194239393261247,0.523565747637102,0.329326354375855,0.00841911204230716,g2+
s__Rothia_sp._HMSC065C12,s__Streptococcus_sp._HPH0090,139,74,0.116469182577928,0.433567587036684,0.317098404458756,0.0176971517175382,g2+
s__Rothia_sp._HMSC065C12,s__Streptococcus_sp._Marseille_Q0941,139,75,0.164190734994317,0.527964087338844,0.363773352344527,0.00381705020334411,g2+
s__Rothia_sp._HMSC065C12,s__Streptococcus_sp._Marseille_Q3533,138,73,0.155558772409919,0.354728111192539,0.199169338782619,0.146216719674346,g2+
s__Rothia_sp._HMSC065C12,s__Streptococcus_sp._Marseille_Q4154,136,74,0.170214372402418,0.554166938975528,0.383952566573111,0.00208007963184564,g2+
s__Rothia_sp._HMSC065C12,s__Streptococcus_sp._Marseille_Q6470,136,73,0.240023409156493,0.465679281062948,0.225655871906455,0.0785776763436972,g2+
s__Rothia_sp._HMSC065C12,s__Streptococcus_sp._oral_taxon_061,135,72,0.239839582261351,0.481231461569461,0.241391879308109,0.0594697861558469,g2+
s__Rothia_sp._HMSC065C12,s__Streptococcus_sp._oral_taxon_431,140,76,0.203514585557309,0.557691733563048,0.354177148005739,0.00350393449012198,g2+
s__Rothia_sp._HMSC065C12,s__Streptococcus_sp._SK140,138,74,0.242337341005985,0.410863428781256,0.168526087775271,0.1963925623741,g2+
s__Rothia_sp._HMSC065C12,s__Streptococcus_timonensis,139,76,0.220286114138837,0.394902685728803,0.174616571589965,0.182008925402557,g2+
s__Rothia_sp._HMSC065C12,s__Veillonella_tobetsuensis,137,72,-0.118931789679812,-0.41107648440058,0.292144694720768,0.0321823298320629,g2-
s__Rothia_sp._HMSC072B04,s__Rothia_sp._P3C3_S176,139,75,0.423160991957273,0.551046421729753,0.127885429772479,0.248061837170683,g2+
s__Rothia_sp._HMSC072B04,s__Streptococcus_australis,141,76,0.188976276282738,0.347747012272278,0.15877073598954,0.235729601596332,g2+
s__Rothia_sp._HMSC072B04,s__Streptococcus_infantis,141,76,0.319795291174262,0.532143154280122,0.21234786310586,0.0705523813220168,g2+
s__Rothia_sp._HMSC072B04,s__Streptococcus_pseudopneumoniae,141,76,-0.108317031342808,0.304183915118495,0.412500946461303,0.00347914129006632,g2+
s__Rothia_sp._HMSC072B04,s__Streptococcus_sp._1001283B150225_161107_H12,136,70,0.158715034291061,0.3230616006578,0.164346566366738,0.24277721914008,g2+
s__Rothia_sp._HMSC072B04,s__Streptococcus_sp._263_SSPC,140,75,0.183603281637252,0.489259852222098,0.305656570584846,0.0163858488190889,g2+
s__Rothia_sp._HMSC072B04,s__Streptococcus_sp._343_SSPC,132,69,0.207488985101336,0.323655776216318,0.116166791114983,0.408154270556234,g2+
s__Rothia_sp._HMSC072B04,s__Streptococcus_sp._A12,132,72,0.181739700479109,0.322382847236037,0.140643146756928,0.312865416670603,g2+
s__Rothia_sp._HMSC072B04,s__Streptococcus_sp._HMSC034E03,140,75,0.173314095765695,0.318588649586377,0.145274553820682,0.286965699525626,g2+
s__Rothia_sp._HMSC072B04,s__Streptococcus_sp._HMSC056C01,139,74,0.0672634746898823,0.358003565324886,0.290740090635004,0.0358752661046911,g2+
s__Rothia_sp._HMSC072B04,s__Streptococcus_sp._HMSC061D10,140,75,0.224351826837231,0.414540120470709,0.190188293633477,0.143673116254723,g2+
s__Rothia_sp._HMSC072B04,s__Streptococcus_sp._HMSC062D07,135,75,0.233047416471291,0.591287274049749,0.358239857578458,0.00254037439458266,g2+
s__Rothia_sp._HMSC072B04,s__Streptococcus_sp._HMSC067H01,140,76,0.149265139853268,0.393269376796892,0.244004236943624,0.0671529632565762,g2+
s__Rothia_sp._HMSC072B04,s__Streptococcus_sp._HMSC074B11,139,75,0.193446889917237,0.498179570918609,0.304732681001372,0.0160370385472142,g2+
s__Rothia_sp._HMSC072B04,s__Streptococcus_sp._HPH0090,140,74,0.212946948953619,0.396527467473883,0.183580518520263,0.164522390511333,g2+
s__Rothia_sp._HMSC072B04,s__Streptococcus_sp._Marseille_Q0941,140,75,0.190736263603297,0.531892984134012,0.341156720530715,0.00603669475404067,g2+
s__Rothia_sp._HMSC072B04,s__Streptococcus_sp._Marseille_Q3533,139,73,0.195008166723695,0.399683854183354,0.204675687459659,0.124892807688577,g2+
s__Rothia_sp._HMSC072B04,s__Streptococcus_sp._Marseille_Q4154,137,74,0.287024542183182,0.498407149495585,0.211382607312403,0.0861957628009389,g2+
s__Rothia_sp._HMSC072B04,s__Streptococcus_sp._Marseille_Q6470,137,73,0.29203580639002,0.497204378280135,0.205168571890115,0.0969290522370008,g2+
s__Rothia_sp._HMSC072B04,s__Streptococcus_sp._oral_taxon_061,135,72,0.196229893949412,0.498019621105713,0.301789727156301,0.0191995812917944,g2+
s__Rothia_sp._HMSC072B04,s__Streptococcus_sp._oral_taxon_431,141,76,0.24390270153391,0.516596597928664,0.272693896394754,0.0257325517395637,g2+
s__Rothia_sp._HMSC072B04,s__Streptococcus_sp._SK140,138,74,0.137936614829113,0.399879170396446,0.261942555567333,0.0521503230395064,g2+
s__Rothia_sp._HMSC072B04,s__Streptococcus_sp._XMC,135,72,0.156633765968604,0.305698139840017,0.149064373871413,0.28794818470227,g2+
s__Rothia_sp._HMSC072B04,s__Streptococcus_timonensis,139,76,0.192991869501598,0.474811960428508,0.28182009092691,0.02702426417145,g2+
s__Rothia_sp._HMSC072B04,s__Veillonella_tobetsuensis,138,72,-0.161282200733031,-0.399371671829109,0.238089471096077,0.0787048808595343,g2-
s__Rothia_sp._HMSC072E10,s__Rothia_sp._P3C3_S176,133,72,0.457604067186237,0.449808946529397,0.00779512065683929,0.947456233828098,g1+
s__Rothia_sp._HMSC072E10,s__Schaalia_odontolytica,129,72,0.169811576071443,0.373384440640547,0.203572864569104,0.140256509564364,g2+
s__Rothia_sp._HMSC072E10,s__Schaalia_sp._ORNL0103,124,68,0.23398939593417,0.35571911218089,0.121729716246721,0.38508403758394,g2+
s__Rothia_sp._HMSC072E10,s__Streptococcus_gordonii,133,73,0.265396354159992,0.43563830767572,0.170241953515728,0.188552095853233,g2+
s__Rothia_sp._HMSC072E10,s__Streptococcus_infantis,133,73,-0.118377634608576,0.313818043296454,0.43219567790503,0.00276259631331954,g2+
s__Rothia_sp._HMSC072E10,s__Streptococcus_parasanguinis,133,73,0.375971206362605,0.584157703832522,0.208186497469918,0.0651644854177991,g2+
s__Rothia_sp._HMSC072E10,s__Streptococcus_salivarius,133,73,0.217069979564977,0.390515125029746,0.173445145464769,0.19568115205472,g2+
s__Rothia_sp._HMSC072E10,s__Streptococcus_sp._263_SSPC,132,72,0.137920498051984,0.305598634687443,0.167678136635459,0.235647519189428,g2+
s__Rothia_sp._HMSC072E10,s__Streptococcus_sp._343_SSPC,125,67,-0.209193681462795,-0.306371671881121,0.0971779904183265,0.499565121521607,g2-
s__Rothia_sp._HMSC072E10,s__Streptococcus_sp._HMSC056C01,131,71,0.0436935849397696,0.372244603346407,0.328551018406638,0.0206446833427858,g2+
s__Rothia_sp._HMSC072E10,s__Streptococcus_sp._HMSC074B11,131,72,-0.0578490301558024,0.327941799065801,0.385790829221604,0.00763503800167187,g2+
s__Rothia_sp._HMSC072E10,s__Streptococcus_sp._HPH0090,132,71,0.143214835433655,0.517528502532899,0.374313667099245,0.00422267306030899,g2+
s__Rothia_sp._HMSC072E10,s__Streptococcus_sp._HSISS2,126,70,0.330242941035472,0.435652452085788,0.105409511050317,0.415066607305039,g2+
s__Rothia_sp._HMSC072E10,s__Streptococcus_sp._Marseille_Q3533,131,70,-0.33295253306999,-0.154142012525805,0.178810520544185,0.205837222502032,g1-
s__Rothia_sp._HMSC072E10,s__Streptococcus_sp._SK140,131,71,0.0156964642731463,0.457822480367775,0.442126016094629,0.00141749900076582,g2+
s__Rothia_sp._HMSC072E10,s__Streptococcus_timonensis,131,73,-0.30771313801483,-0.0357369052720475,0.271976232742782,0.0575909959478746,g1-
s__Rothia_sp._HMSC072E10,s__Streptococcus_vestibularis,132,73,0.169330504385676,0.342959223620765,0.173628719235089,0.209089605475835,g2+
s__Rothia_sp._HMSC072E10,s__Veillonella_sp._CLA_AA_H247,124,68,0.285757734682307,0.333150909103354,0.0473931744210472,0.733162927720013,g2+
s__Rothia_sp._P3C3_S176,s__Streptococcus_infantis,138,75,0.111711901739931,0.371478676308542,0.259766774568611,0.0568193979732374,g2+
s__Rothia_sp._P3C3_S176,s__Streptococcus_pseudopneumoniae,138,75,-0.0219486747682221,0.366271861867041,0.388220536635263,0.00539356076386088,g2+
s__Rothia_sp._P3C3_S176,s__Streptococcus_sp._263_SSPC,137,74,0.203063037954733,0.396312104114594,0.193249066159861,0.146118509927639,g2+
s__Rothia_sp._P3C3_S176,s__Streptococcus_sp._HMSC056C01,136,73,0.129813601392594,0.356637135327947,0.226823533935353,0.100570451235114,g2+
s__Rothia_sp._P3C3_S176,s__Streptococcus_sp._HMSC061D10,137,74,0.192422250071784,0.43179249905778,0.239370248985996,0.0686662840251289,g2+
s__Rothia_sp._P3C3_S176,s__Streptococcus_sp._HMSC062D07,132,74,0.0606483980507639,0.312655487707734,0.25200708965697,0.0753759790920041,g2+
s__Rothia_sp._P3C3_S176,s__Streptococcus_sp._HMSC067H01,137,75,-0.00144887743982945,0.307763009025397,0.309211886465226,0.0287660034966537,g2+
s__Rothia_sp._P3C3_S176,s__Streptococcus_sp._HMSC074B11,136,74,0.123850885321697,0.467991359442778,0.344140474121081,0.00916542216948169,g2+
s__Rothia_sp._P3C3_S176,s__Streptococcus_sp._HPH0090,137,73,0.20668788610479,0.399511910554349,0.19282402444956,0.147963262848396,g2+
s__Rothia_sp._P3C3_S176,s__Streptococcus_sp._Marseille_Q0941,137,74,-0.00649160837657261,0.361200842637401,0.367692451013973,0.00876331519097917,g2+
s__Rothia_sp._P3C3_S176,s__Streptococcus_sp._Marseille_Q4154,134,73,0.00833035766748022,0.335181077038566,0.326850719371085,0.0215232154219167,g2+
s__Rothia_sp._P3C3_S176,s__Streptococcus_sp._oral_taxon_431,138,75,0.0870900599344083,0.401392945893471,0.314302885959063,0.0205517718899566,g2+
s__Rothia_sp._P3C3_S176,s__Streptococcus_sp._SK140,136,73,0.191010105522981,0.436689034896708,0.245678929373727,0.0627965783518007,g2+
s__Rothia_sp._P3C3_S176,s__Veillonella_tobetsuensis,135,71,-0.28847766748065,-0.321460776049748,0.0329831085690983,0.807498200048564,g2-
s__Schaalia_odontolytica,s__Schaalia_sp._ORNL0103,132,71,0.671773188938902,0.568618368109569,0.103154820829332,0.260879794829502,g1+
s__Schaalia_odontolytica,s__Streptococcus_mitis,138,76,-0.345786093548133,-0.275088923921229,0.0706971696269044,0.589967472708451,g1-
s__Schaalia_odontolytica,s__Streptococcus_parasanguinis,138,76,0.317368401727652,0.487307390639647,0.169938988911995,0.160661218445121,g2+
s__Schaalia_odontolytica,s__Streptococcus_pneumoniae,138,76,-0.356951721550668,-0.422592632698493,0.0656409111478245,0.593927845210053,g2-
s__Schaalia_odontolytica,s__Streptococcus_sp._263_SSPC,136,75,0.278622271925722,0.426456369158186,0.147834097232464,0.247036149393307,g2+
s__Schaalia_odontolytica,s__Streptococcus_sp._HPH0090,136,74,0.140355782564612,0.383470222570745,0.243114440006134,0.073740911147367,g2+
s__Schaalia_odontolytica,s__Streptococcus_sp._M334,135,75,-0.306683540095229,-0.263396325100548,0.0432872149946806,0.747709011808161,g1-
s__Schaalia_odontolytica,s__Veillonella_atypica,138,75,0.410232742784328,0.302956462439163,0.107276280345165,0.398851899974626,g1+
s__Schaalia_odontolytica,s__Veillonella_dispar,137,75,0.48648547977528,0.50110304753754,0.0146175677622603,0.894745590912983,g2+
s__Schaalia_odontolytica,s__Veillonella_nakazawae,133,73,0.400245892479854,0.363344445427096,0.0369014470527582,0.770704059320704,g1+
s__Schaalia_odontolytica,s__Veillonella_parvula,137,74,0.377595878835801,0.338038234801798,0.039557644034003,0.757224254680569,g1+
s__Schaalia_odontolytica,s__Veillonella_sp._CLA_AA_H247,130,71,0.412753158121879,0.344274864953487,0.0684782931683925,0.594497875462763,g1+
s__Schaalia_sp._ORNL0103,s__Streptococcus_mitis,133,71,-0.334285938191141,-0.276205869796678,0.0580800683944633,0.668548123550621,g1-
s__Schaalia_sp._ORNL0103,s__Streptococcus_parasanguinis,133,71,0.259870674142215,0.400787360501942,0.140916686359727,0.289214391284497,g2+
s__Schaalia_sp._ORNL0103,s__Streptococcus_pneumoniae,133,71,-0.284419010190283,-0.327830134795973,0.0434111246056907,0.748865025487446,g2-
s__Schaalia_sp._ORNL0103,s__Streptococcus_sp._263_SSPC,131,70,0.194341131248637,0.442965837700609,0.248624706451971,0.0642114801410625,g2+
s__Schaalia_sp._ORNL0103,s__Streptococcus_sp._HPH0090,131,69,0.0271069909503547,0.325881146588683,0.298774155638328,0.0400788433561214,g2+
s__Schaalia_sp._ORNL0103,s__Streptococcus_sp._M334,130,70,-0.219467403389557,-0.368466100225713,0.148998696836156,0.278739781016765,g2-
s__Schaalia_sp._ORNL0103,s__Veillonella_atypica,133,71,0.336033311116907,0.142243206546186,0.193790104570722,0.167857046944274,g1+
s__Schaalia_sp._ORNL0103,s__Veillonella_dispar,132,71,0.475976051345947,0.321444736989239,0.154531314356707,0.21823712312119,g1+
s__Schaalia_sp._ORNL0103,s__Veillonella_nakazawae,129,71,0.428092034614873,0.282864623146847,0.145227411468026,0.267746784022795,g1+
s__Schaalia_sp._ORNL0103,s__Veillonella_sp._CLA_AA_H247,126,70,0.393569635100542,0.318648433295935,0.074921201804608,0.571692389729984,g1+
s__Solobacterium_moorei,s__Streptococcus_pneumoniae,92,59,-0.210504304181355,-0.312377524258087,0.101873220076732,0.52096882937697,g2-
s__Solobacterium_moorei,s__Streptococcus_sanguinis,92,59,-0.311044409741084,-0.258607867871543,0.0524365418695406,0.737866533438154,g1-
s__Solobacterium_moorei,s__Streptococcus_sp._343_SSPC,91,53,-0.126203094072535,0.350257342930804,0.476460437003339,0.00540903830258221,g2+
s__Streptococcus_anginosus,s__Streptococcus_cristatus,141,78,0.331952960333542,0.500414521340432,0.168461561006889,0.153328132719672,g2+
s__Streptococcus_anginosus,s__Streptococcus_gordonii,142,78,0.385442488420955,0.195720189624782,0.189722298796173,0.146262548970027,g1+
s__Streptococcus_anginosus,s__Streptococcus_oralis,142,78,0.308746771217747,0.321661652240172,0.0129148810224257,0.920275389295898,g2+
s__Streptococcus_anginosus,s__Streptococcus_parasanguinis,142,78,0.364358431478522,0.100044302806571,0.264314128671951,0.0494240010593388,g1+
s__Streptococcus_anginosus,s__Streptococcus_pneumoniae,142,78,0.30243326021045,0.102090408795372,0.200342851415078,0.143204431150319,g1+
s__Streptococcus_anginosus,s__Veillonella_sp._oral_taxon_158,138,76,-0.30783490608683,-0.132550380812662,0.175284525274169,0.203319706736648,g1-
s__Streptococcus_anginosus,s__Veillonella_tobetsuensis,137,74,-0.171220677629985,-0.319568272691905,0.148347595061919,0.281024481002075,g2-
s__Streptococcus_australis,s__Streptococcus_infantis,142,78,0.424284629282191,0.368647834810532,0.0556367944716585,0.64480423707444,g1+
s__Streptococcus_australis,s__Streptococcus_rubneri,139,77,0.775541993635881,0.710319844257028,0.0652221493788531,0.311301900988085,g1+
s__Streptococcus_australis,s__Streptococcus_sp._1001283B150225_161107_H12,137,72,0.817080087914902,0.729252752337916,0.0878273355769859,0.136116720965546,g1+
s__Streptococcus_australis,s__Streptococcus_sp._263_SSPC,141,77,0.0875909697076297,0.385422440929122,0.297831471221493,0.0270217785545843,g2+
s__Streptococcus_australis,s__Streptococcus_sp._343_SSPC,133,70,0.851572529190456,0.786448975858065,0.0651235533323905,0.184019654484455,g1+
s__Streptococcus_australis,s__Streptococcus_sp._A12,133,74,0.789048868437785,0.759756289368573,0.0292925790692125,0.61954299593586,g1+
s__Streptococcus_australis,s__Streptococcus_sp._F0442,138,78,0.562124454230974,0.471057214906241,0.0910672393247328,0.38730094532607,g1+
s__Streptococcus_australis,s__Streptococcus_sp._HMSC034E03,141,77,0.29719663318006,0.36477329607862,0.0675766628985595,0.59815835154472,g2+
s__Streptococcus_australis,s__Streptococcus_sp._HMSC061D10,141,77,0.310766355140217,0.270618606372696,0.0401477487675214,0.760805039381557,g1+
s__Streptococcus_australis,s__Streptococcus_sp._HMSC062D07,136,77,0.460516603662466,0.537921660680217,0.0774050570177515,0.476457528850017,g2+
s__Streptococcus_australis,s__Streptococcus_sp._HMSC067H01,141,78,0.551909381261294,0.538765487431365,0.013143893829929,0.896240875775252,g1+
s__Streptococcus_australis,s__Streptococcus_sp._HMSC074B11,140,77,0.27579838348428,0.313364156844817,0.0375657733605377,0.775501671953191,g2+
s__Streptococcus_australis,s__Streptococcus_sp._HSISS2,134,75,-0.190686694765482,-0.300930080372331,0.110243385606849,0.423205544616672,g2-
s__Streptococcus_australis,s__Streptococcus_sp._Marseille_Q0941,141,77,0.546246943325624,0.593846818222098,0.0475998748964733,0.62427810626027,g2+
s__Streptococcus_australis,s__Streptococcus_sp._Marseille_Q3533,140,75,0.540285766407173,0.574397779304781,0.0341120128976086,0.733797177322649,g2+
s__Streptococcus_australis,s__Streptococcus_sp._Marseille_Q4154,138,76,0.494811580028459,0.55176571386353,0.0569541338350711,0.588942631339711,g2+
s__Streptococcus_australis,s__Streptococcus_sp._Marseille_Q6470,138,75,0.424065072235211,0.513849382529729,0.0897843102945181,0.429441748301876,g2+
s__Streptococcus_australis,s__Streptococcus_sp._oral_taxon_061,136,74,0.23182633745741,0.522856421330662,0.291030083873252,0.0192102740384321,g2+
s__Streptococcus_australis,s__Streptococcus_sp._oral_taxon_431,142,78,0.451782123797128,0.432053951467956,0.0197281723291719,0.864125330861486,g1+
s__Streptococcus_australis,s__Streptococcus_sp._XMC,136,74,0.817274260026706,0.772799314377527,0.044474945649179,0.409164541682815,g1+
s__Streptococcus_australis,s__Streptococcus_timonensis,139,78,0.512479555627557,0.549519875299737,0.0370403196721797,0.71973801845115,g2+
s__Streptococcus_australis,s__Veillonella_atypica,140,77,-0.579969591662749,-0.446761546851051,0.133208044811698,0.207683464165767,g1-
s__Streptococcus_australis,s__Veillonella_dispar,140,77,-0.451958272027234,-0.231935303281169,0.220022968746065,0.0819793286954213,g1-
s__Streptococcus_australis,s__Veillonella_nakazawae,136,75,-0.446304136963565,-0.3146609384503,0.131643198513265,0.291411304657062,g1-
s__Streptococcus_australis,s__Veillonella_parvula,140,76,-0.355409856235618,-0.368192773641811,0.0127829174061935,0.919150356025122,g2-
s__Streptococcus_australis,s__Veillonella_rogosae,137,78,0.204689360221486,0.373513553143597,0.168824192922111,0.199835307042822,g2+
s__Streptococcus_australis,s__Veillonella_sp._CLA_AA_H247,132,73,-0.432008813514963,-0.346568551710993,0.0854402618039703,0.497022277690546,g1-
s__Streptococcus_australis,s__Veillonella_sp._oral_taxon_158,138,76,0.163615266296894,0.349967055109699,0.186351788812805,0.167964655145536,g2+
s__Streptococcus_australis,s__Veillonella_sp._S13053_19,135,75,0.0810431090650972,0.30012486914485,0.219081760079753,0.118948994830348,g2+
s__Streptococcus_cristatus,s__Streptococcus_gordonii,142,78,0.488571347040019,0.599102917737847,0.110531570697828,0.271445500601266,g2+
s__Streptococcus_cristatus,s__Streptococcus_mitis,142,78,0.330688171103664,0.278177522595793,0.0525106485078715,0.686150198989846,g1+
s__Streptococcus_cristatus,s__Streptococcus_oralis,142,78,0.476571212237289,0.524795785623186,0.0482245733858968,0.653095094304327,g2+
s__Streptococcus_cristatus,s__Streptococcus_parasanguinis,142,78,0.326963899929154,0.378306104039733,0.0513422041105787,0.682246878424903,g2+
s__Streptococcus_cristatus,s__Streptococcus_pneumoniae,142,78,0.331964752167391,0.213850775050155,0.118113977117237,0.3722781796163,g1+
s__Streptococcus_cristatus,s__Streptococcus_pseudopneumoniae,142,78,0.251772462536198,0.372137350100496,0.120364887564297,0.351100005109301,g2+
s__Streptococcus_cristatus,s__Streptococcus_sanguinis,142,78,0.358775774792446,0.343126480039671,0.0156492947527747,0.900861435983939,g1+
s__Streptococcus_cristatus,s__Streptococcus_sp._HMSC056C01,140,76,0.11893577329602,0.346379171776514,0.227443398480495,0.0951543073987695,g2+
s__Streptococcus_cristatus,s__Streptococcus_sp._SK140,139,76,0.148008869003745,0.357147119168877,0.209138250165132,0.12177802077919,g2+
s__Streptococcus_cristatus,s__Streptococcus_vestibularis,140,78,0.335227519295348,0.101686205127925,0.233541314167423,0.0859328917969835,g1+
s__Streptococcus_cristatus,s__Veillonella_rogosae,137,78,-0.383264626220453,-0.292736739308844,0.0905278869116087,0.477979167109988,g1-
s__Streptococcus_cristatus,s__Veillonella_sp._oral_taxon_158,138,76,-0.39696994185565,-0.350910914149265,0.0460590277063853,0.712350021240058,g1-
s__Streptococcus_cristatus,s__Veillonella_sp._S13053_19,135,75,-0.335114576335571,-0.390483406939082,0.0553688306035106,0.663263233314685,g2-
s__Streptococcus_cristatus,s__Veillonella_tobetsuensis,137,74,-0.286419098430711,-0.399953550326994,0.113534451896283,0.379753792504606,g2-
s__Streptococcus_gordonii,s__Streptococcus_mitis,143,78,0.323943090951793,0.244711151322222,0.079231939629571,0.546598513079118,g1+
s__Streptococcus_gordonii,s__Streptococcus_oralis,143,78,0.49870796278236,0.595556859704443,0.0968488969220826,0.332581943689034,g2+
s__Streptococcus_gordonii,s__Streptococcus_parasanguinis,143,78,0.43999430260819,0.438734588846215,0.00125971376197515,0.99129582783115,g1+
s__Streptococcus_gordonii,s__Streptococcus_salivarius,143,78,0.350646577249667,0.246603643980463,0.104042933269204,0.424069386432346,g1+
s__Streptococcus_gordonii,s__Streptococcus_sanguinis,143,78,0.474043195314592,0.486696858247465,0.0126536629328724,0.90847745201615,g2+
s__Streptococcus_gordonii,s__Streptococcus_sp._HSISS2,135,75,0.368066418452845,0.182481936772521,0.185584481680324,0.168736068172403,g1+
s__Streptococcus_gordonii,s__Streptococcus_vestibularis,141,78,0.341947218529418,0.216608411214743,0.125338807314675,0.342404046988526,g1+
s__Streptococcus_gordonii,s__Veillonella_parvula,141,76,0.162050685513207,0.316448802684059,0.154398117170852,0.256542781327075,g2+
s__Streptococcus_gordonii,s__Veillonella_rogosae,137,78,-0.289495929380997,-0.339367215857587,0.0498712864765899,0.701054295141771,g2-
s__Streptococcus_gordonii,s__Veillonella_sp._oral_taxon_158,139,76,-0.294006459724511,-0.36874699873403,0.0747405390095192,0.562505890318973,g2-
s__Streptococcus_gordonii,s__Veillonella_sp._S13053_19,136,75,-0.21038041191126,-0.37893869081723,0.16855827890597,0.205470565529016,g2-
s__Streptococcus_gordonii,s__Veillonella_tobetsuensis,138,74,-0.273916748725417,-0.38660852047804,0.112691771752622,0.387402295812683,g2-
s__Streptococcus_infantis,s__Streptococcus_parasanguinis,142,78,0.173048708173835,0.355222301453121,0.182173593279286,0.170004330692152,g2+
s__Streptococcus_infantis,s__Streptococcus_pseudopneumoniae,142,78,0.30520291954313,0.516537249698721,0.211334330155591,0.0735695587738419,g2+
s__Streptococcus_infantis,s__Streptococcus_rubneri,139,77,0.364156113893877,0.311550208825917,0.0526059050679609,0.680880243574251,g1+
s__Streptococcus_infantis,s__Streptococcus_sp._1001283B150225_161107_H12,137,72,0.465939150832265,0.172380529558812,0.293558621273453,0.0256024441097129,g1+
s__Streptococcus_infantis,s__Streptococcus_sp._263_SSPC,141,77,0.524422285171861,0.590988917845759,0.0665666326738981,0.501846907035303,g2+
s__Streptococcus_infantis,s__Streptococcus_sp._343_SSPC,133,70,0.480648874751193,0.291183376090468,0.189465498660726,0.136424977251381,g1+
s__Streptococcus_infantis,s__Streptococcus_sp._A12,133,74,0.466545929065806,0.285424644347056,0.181121284718751,0.15069779560049,g1+
s__Streptococcus_infantis,s__Streptococcus_sp._F0442,138,78,0.377406285480069,0.305175044783398,0.0722312406966712,0.569968604012351,g1+
s__Streptococcus_infantis,s__Streptococcus_sp._HMSC034E03,141,77,0.666335315451767,0.641826387959289,0.024508927492478,0.766165746674074,g1+
s__Streptococcus_infantis,s__Streptococcus_sp._HMSC056C01,140,76,0.59749328187621,0.525959120975332,0.0715341609008777,0.469977782023157,g1+
s__Streptococcus_infantis,s__Streptococcus_sp._HMSC061D10,141,77,0.6547785745451,0.643357940161503,0.0114206343835975,0.891048805947673,g1+
s__Streptococcus_infantis,s__Streptococcus_sp._HMSC062D07,136,77,0.790236998339852,0.779105381846326,0.0111316164935251,0.841656649645747,g1+
s__Streptococcus_infantis,s__Streptococcus_sp._HMSC067H01,141,78,0.642073425330696,0.620586549024353,0.0214868763063429,0.80328264597125,g1+
s__Streptococcus_infantis,s__Streptococcus_sp._HMSC074B11,140,77,0.681455225199133,0.70032880268723,0.0188735774880966,0.802303200754263,g2+
s__Streptococcus_infantis,s__Streptococcus_sp._HPH0090,141,76,0.766973361743443,0.739751808240867,0.0272215535025763,0.663314565600766,g1+
s__Streptococcus_infantis,s__Streptococcus_sp._Marseille_Q0941,141,77,0.738259083043483,0.725694167778223,0.01256491526526,0.850963619737407,g1+
s__Streptococcus_infantis,s__Streptococcus_sp._Marseille_Q3533,140,75,0.604067893707235,0.518238364213127,0.085829529494108,0.388213664270201,g1+
s__Streptococcus_infantis,s__Streptococcus_sp._Marseille_Q4154,138,76,0.770526893218422,0.797276644531391,0.0267497513129688,0.632522718266559,g2+
s__Streptococcus_infantis,s__Streptococcus_sp._Marseille_Q6470,138,75,0.832764206974447,0.790008213308456,0.0427559936659906,0.389288981398708,g1+
s__Streptococcus_infantis,s__Streptococcus_sp._oral_taxon_061,136,74,0.71144345169075,0.570246598708961,0.141196852981789,0.0993688625339633,g1+
s__Streptococcus_infantis,s__Streptococcus_sp._oral_taxon_431,142,78,0.861845320657276,0.915589195286876,0.0537438746296,0.0689630472638323,g2+
s__Streptococcus_infantis,s__Streptococcus_sp._SK140,139,76,0.647542549695604,0.5993476988204,0.0481948508752041,0.586457208518786,g1+
s__Streptococcus_infantis,s__Streptococcus_sp._XMC,136,74,0.413551277286888,0.187814368346242,0.225736908940646,0.0891950679767715,g1+
s__Streptococcus_infantis,s__Streptococcus_timonensis,139,78,0.416873463320951,0.405768961275457,0.0111045020454946,0.925957897190239,g1+
s__Streptococcus_infantis,s__Veillonella_atypica,140,77,-0.318270150253586,-0.237366104781953,0.0809040454716332,0.543067710540592,g1-
s__Streptococcus_infantis,s__Veillonella_parvula,140,76,-0.390271947159602,-0.174808049870207,0.215463897289395,0.104124783617136,g1-
s__Streptococcus_infantis,s__Veillonella_tobetsuensis,137,74,-0.330202382897146,-0.398188510614507,0.0679861277173609,0.593090791435725,g2-
s__Streptococcus_mitis,s__Streptococcus_oralis,143,78,0.48411594614024,0.460047821259243,0.0240681248809978,0.828629425641572,g1+
s__Streptococcus_mitis,s__Streptococcus_pneumoniae,143,78,0.862154099891805,0.811359742725958,0.0507943571658469,0.232955907355612,g1+
s__Streptococcus_mitis,s__Streptococcus_pseudopneumoniae,142,78,0.542170208786028,0.62701874993551,0.0848485411494825,0.36694405276504,g2+
s__Streptococcus_mitis,s__Streptococcus_sp._M334,140,77,0.573649485739861,0.465041713189668,0.108607772550193,0.300977659147862,g1+
s__Streptococcus_mitis,s__Streptococcus_sp._UMB0029,138,77,0.566595527116885,0.405385486865771,0.161210040251113,0.141944564520042,g1+
s__Streptococcus_mitis,s__Veillonella_atypica,141,77,-0.406050144706009,-0.321146537114135,0.0849036075918738,0.496631648401083,g1-
s__Streptococcus_mitis,s__Veillonella_dispar,141,77,-0.402892162692894,-0.289942340562668,0.112949822130226,0.372127155776657,g1-
s__Streptococcus_mitis,s__Veillonella_nakazawae,136,75,-0.369854200675515,-0.265963388590694,0.103890812084821,0.428923272401179,g1-
s__Streptococcus_mitis,s__Veillonella_rogosae,137,78,-0.348431770904749,-0.468776361373773,0.120344590469024,0.315184406297707,g2-
s__Streptococcus_mitis,s__Veillonella_sp._CLA_AA_H247,132,73,-0.325309340353694,-0.210206412100971,0.115102928252723,0.402847100576011,g1-
s__Streptococcus_mitis,s__Veillonella_sp._oral_taxon_158,139,76,-0.363220705125823,-0.497781035223803,0.13456033009798,0.253264499289399,g2-
s__Streptococcus_mitis,s__Veillonella_sp._S13053_19,136,75,-0.335866326845159,-0.483173647625946,0.147307320780787,0.224576719755137,g2-
s__Streptococcus_mitis,s__Veillonella_tobetsuensis,138,74,-0.337462906539227,-0.443813980620344,0.106351074081118,0.391043501288898,g2-
s__Streptococcus_oralis,s__Streptococcus_pneumoniae,143,78,0.464782136171835,0.429520453961272,0.0352616822105628,0.758017556907445,g1+
s__Streptococcus_oralis,s__Streptococcus_pseudopneumoniae,142,78,0.359037795774255,0.367249513746593,0.00821171797233733,0.947360563508183,g2+
s__Streptococcus_oralis,s__Streptococcus_sanguinis,143,78,0.359766737272503,0.453286029365939,0.0935192920934358,0.432942007633524,g2+
s__Streptococcus_oralis,s__Veillonella_atypica,141,77,-0.369622448013045,-0.166757433710146,0.202865014302899,0.127380689162035,g1-
s__Streptococcus_oralis,s__Veillonella_dispar,141,77,-0.319153263366165,-0.13647618904352,0.182677074322645,0.179569760230103,g1-
s__Streptococcus_oralis,s__Veillonella_nakazawae,136,75,-0.338778383431288,-0.0968737012340732,0.241904682197215,0.0807281109219393,g1-
s__Streptococcus_oralis,s__Veillonella_rogosae,137,78,-0.398948319315989,-0.527041601180287,0.128093281864298,0.256473720378171,g2-
s__Streptococcus_oralis,s__Veillonella_sp._oral_taxon_158,139,76,-0.412448003866258,-0.551275191282026,0.138827187415768,0.210571732213306,g2-
s__Streptococcus_oralis,s__Veillonella_sp._S13053_19,136,75,-0.398216486592507,-0.513566736457207,0.1153502498647,0.318233870217029,g2-
s__Streptococcus_oralis,s__Veillonella_tobetsuensis,138,74,-0.485993542191383,-0.561186190302569,0.075192648111186,0.479081607073578,g2-
s__Streptococcus_parasanguinis,s__Streptococcus_salivarius,143,78,0.653231122659106,0.647246478867387,0.00598464379171881,0.942235067177683,g1+
s__Streptococcus_parasanguinis,s__Streptococcus_sp._1001283B150225_161107_H12,137,72,-0.195195485621219,-0.32170258271497,0.126507097093751,0.359365487351434,g2-
s__Streptococcus_parasanguinis,s__Streptococcus_sp._263_SSPC,141,77,0.358784031722662,0.398907624956955,0.0401235932342931,0.745009693991833,g2+
s__Streptococcus_parasanguinis,s__Streptococcus_sp._F0442,138,78,0.152420865166367,0.397710506211067,0.2452896410447,0.0634398967133851,g2+
s__Streptococcus_parasanguinis,s__Streptococcus_sp._HMSC056C01,140,76,0.327649537426685,0.372940866283039,0.0452913288563538,0.721555363690751,g2+
s__Streptococcus_parasanguinis,s__Streptococcus_sp._HMSC061D10,141,77,0.276152341357765,0.423403351004723,0.147251009646957,0.242720798654047,g2+
s__Streptococcus_parasanguinis,s__Streptococcus_sp._HMSC074B11,140,77,0.26689930332754,0.347403136936286,0.0805038336087466,0.537450742204331,g2+
s__Streptococcus_parasanguinis,s__Streptococcus_sp._HPH0090,141,76,0.331158052942461,0.495778965674186,0.164620912731725,0.167913531485462,g2+
s__Streptococcus_parasanguinis,s__Streptococcus_sp._HSISS2,135,75,0.54838620395571,0.51438116233546,0.0340050416202504,0.746285063185256,g1+
s__Streptococcus_parasanguinis,s__Streptococcus_sp._M334,140,77,-0.131828036274872,-0.44533795595861,0.313509919683738,0.0163855455682438,g2-
s__Streptococcus_parasanguinis,s__Streptococcus_sp._oral_taxon_431,142,78,0.148749164823716,0.365209667065439,0.216460502241724,0.10386222679529,g2+
s__Streptococcus_parasanguinis,s__Streptococcus_sp._SK140,139,76,0.36542100646183,0.478113359875369,0.112692353413539,0.34361840855013,g2+
s__Streptococcus_parasanguinis,s__Streptococcus_vestibularis,141,78,0.360378727744324,0.357202590834625,0.00317613690969909,0.979726852269014,g1+
s__Streptococcus_parasanguinis,s__Veillonella_atypica,141,77,0.354956225002113,0.482545223306386,0.127588998304273,0.28142968208957,g2+
s__Streptococcus_parasanguinis,s__Veillonella_dispar,141,77,0.391160515141252,0.590399691335956,0.199239176194704,0.0657709285822894,g2+
s__Streptococcus_parasanguinis,s__Veillonella_nakazawae,136,75,0.360466836192208,0.578036653409367,0.217569817217159,0.053860178157914,g2+
s__Streptococcus_parasanguinis,s__Veillonella_parvula,141,76,0.217780346594258,0.448239410866004,0.230459064271747,0.071135858837863,g2+
s__Streptococcus_parasanguinis,s__Veillonella_rogosae,137,78,-0.301987498759027,-0.0266502498227837,0.275337248936243,0.0480817541884289,g1-
s__Streptococcus_parasanguinis,s__Veillonella_sp._CLA_AA_H247,132,73,0.361406215865512,0.616756206548318,0.255349990682806,0.0215194967454659,g2+
s__Streptococcus_pneumoniae,s__Streptococcus_pseudopneumoniae,142,78,0.66460294778784,0.468234040004874,0.196368907782966,0.0407098704948547,g1+
s__Streptococcus_pneumoniae,s__Streptococcus_sp._M334,140,77,0.609870132703082,0.477851242892105,0.132018889810976,0.191301107008886,g1+
s__Streptococcus_pneumoniae,s__Streptococcus_sp._UMB0029,138,77,0.592152851922628,0.475226221999693,0.116926629922936,0.256351784721729,g1+
s__Streptococcus_pneumoniae,s__Streptococcus_vestibularis,141,78,0.325832534155976,0.0643498962143097,0.261482637941666,0.05638662125968,g1+
s__Streptococcus_pneumoniae,s__Veillonella_atypica,141,77,-0.368970856287138,-0.283698653915463,0.0852722023716751,0.507311185679499,g1-
s__Streptococcus_pneumoniae,s__Veillonella_dispar,141,77,-0.359261414026254,-0.288704987360595,0.0705564266656586,0.584038708303329,g1-
s__Streptococcus_pneumoniae,s__Veillonella_nakazawae,136,75,-0.318453453061217,-0.259694232027909,0.0587592210333078,0.661093021144246,g1-
s__Streptococcus_pneumoniae,s__Veillonella_rogosae,137,78,-0.353438225789338,-0.470435956079228,0.11699773028989,0.327296333459426,g2-
s__Streptococcus_pneumoniae,s__Veillonella_sp._oral_taxon_158,139,76,-0.368343674468593,-0.52348479858587,0.155141124117278,0.179797966970825,g2-
s__Streptococcus_pneumoniae,s__Veillonella_sp._S13053_19,136,75,-0.354429111798368,-0.496937821967798,0.14250871016943,0.232390074743994,g2-
s__Streptococcus_pneumoniae,s__Veillonella_tobetsuensis,138,74,-0.34868329140801,-0.308664342928711,0.040018948479299,0.759523503783185,g1-
s__Streptococcus_pseudopneumoniae,s__Streptococcus_sp._HMSC034E03,141,77,0.476455389185607,0.518341350673233,0.041885961487626,0.699165493569272,g2+
s__Streptococcus_pseudopneumoniae,s__Streptococcus_sp._HMSC056C01,140,76,0.376730161565029,0.554741992679576,0.178011831114547,0.114091531581027,g2+
s__Streptococcus_pseudopneumoniae,s__Streptococcus_sp._HMSC061D10,141,77,0.372554839392114,0.518545185842331,0.145990346450217,0.204143766724255,g2+
s__Streptococcus_pseudopneumoniae,s__Streptococcus_sp._HMSC062D07,136,77,0.239234587817541,0.341510076901665,0.102275489084124,0.440606921535059,g2+
s__Streptococcus_pseudopneumoniae,s__Streptococcus_sp._HMSC067H01,141,78,0.372728570082708,0.476677731421563,0.103949161338855,0.37567069850358,g2+
s__Streptococcus_pseudopneumoniae,s__Streptococcus_sp._HMSC074B11,140,77,0.402006764988015,0.487566439017324,0.0855596740293088,0.459024410506796,g2+
s__Streptococcus_pseudopneumoniae,s__Streptococcus_sp._HPH0090,141,76,0.194107073894313,0.393532971193167,0.199425897298854,0.129570725261157,g2+
s__Streptococcus_pseudopneumoniae,s__Streptococcus_sp._M334,140,77,0.418952201418785,0.205589979109698,0.213362222309087,0.0992002631910849,g1+
s__Streptococcus_pseudopneumoniae,s__Streptococcus_sp._Marseille_Q0941,141,77,0.32460878455926,0.420004734054212,0.0953959494949522,0.44144915560368,g2+
s__Streptococcus_pseudopneumoniae,s__Streptococcus_sp._Marseille_Q4154,138,76,0.2773763051185,0.35414827956328,0.0767719744447804,0.556913915233146,g2+
s__Streptococcus_pseudopneumoniae,s__Streptococcus_sp._Marseille_Q6470,138,75,0.244737376965837,0.385710630191405,0.140973253225568,0.282170644291334,g2+
s__Streptococcus_pseudopneumoniae,s__Streptococcus_sp._oral_taxon_061,136,74,0.343657245773902,0.289526771881915,0.0541304738919864,0.682195560691682,g1+
s__Streptococcus_pseudopneumoniae,s__Streptococcus_sp._oral_taxon_431,142,78,0.420450239465579,0.537037533101198,0.116587293635618,0.289547055994783,g2+
s__Streptococcus_pseudopneumoniae,s__Streptococcus_sp._SK140,139,76,0.33222879957137,0.506201973152187,0.173973173580816,0.143449545969269,g2+
s__Streptococcus_pseudopneumoniae,s__Streptococcus_sp._UMB0029,138,77,0.423259408426329,0.156584383803079,0.26667502462325,0.0422496153494107,g1+
s__Streptococcus_pseudopneumoniae,s__Veillonella_atypica,140,77,-0.325979217645549,-0.251587362053545,0.074391855592004,0.573462745903062,g1-
s__Streptococcus_pseudopneumoniae,s__Veillonella_dispar,140,77,-0.332869202613874,-0.202752919121928,0.130116283491947,0.330282830915394,g1-
s__Streptococcus_pseudopneumoniae,s__Veillonella_nakazawae,136,75,-0.343113462724682,-0.204943864144799,0.138169598579883,0.306144527892983,g1-
s__Streptococcus_pseudopneumoniae,s__Veillonella_parvula,140,76,-0.388544934151857,-0.255084401450457,0.1334605327014,0.303049559734436,g1-
s__Streptococcus_pseudopneumoniae,s__Veillonella_rogosae,137,78,-0.338590248538609,-0.300635660206156,0.0379545883324522,0.769373349327709,g1-
s__Streptococcus_pseudopneumoniae,s__Veillonella_sp._CLA_AA_H247,132,73,-0.348767676183013,-0.131008378869016,0.217759297313997,0.117663771448012,g1-
s__Streptococcus_pseudopneumoniae,s__Veillonella_sp._oral_taxon_158,138,76,-0.382189507082143,-0.283756540101062,0.0984329669810811,0.445421070359368,g1-
s__Streptococcus_pseudopneumoniae,s__Veillonella_sp._S13053_19,135,75,-0.407377803034317,-0.262194461148225,0.145183341886092,0.262973740901756,g1-
s__Streptococcus_pseudopneumoniae,s__Veillonella_tobetsuensis,137,74,-0.3004226359863,-0.377945917504025,0.0775232815177257,0.550309212742396,g2-
s__Streptococcus_rubneri,s__Streptococcus_sp._1001283B150225_161107_H12,135,71,0.653827460737266,0.561518802652851,0.0923086580844152,0.325035012086996,g1+
s__Streptococcus_rubneri,s__Streptococcus_sp._343_SSPC,130,69,0.739380603947315,0.64097380883055,0.0984067951167653,0.212240740339397,g1+
s__Streptococcus_rubneri,s__Streptococcus_sp._A12,132,73,0.66939628018874,0.493245953540236,0.176150326648504,0.0696593243464483,g1+
s__Streptococcus_rubneri,s__Streptococcus_sp._F0442,136,77,0.477858998013691,0.269810711393334,0.208048286620357,0.0930861731344839,g1+
s__Streptococcus_rubneri,s__Streptococcus_sp._HMSC062D07,135,76,0.450350165110306,0.448511352067464,0.00183881304284139,0.987395607229387,g1+
s__Streptococcus_rubneri,s__Streptococcus_sp._HMSC067H01,138,77,0.41421005175418,0.524748901803106,0.110538850048926,0.325585190840909,g2+
s__Streptococcus_rubneri,s__Streptococcus_sp._Marseille_Q0941,138,76,0.50328266094463,0.533110445881981,0.0298277849373506,0.778897847913698,g2+
s__Streptococcus_rubneri,s__Streptococcus_sp._Marseille_Q3533,138,74,0.626865112239293,0.562285358199398,0.0645797540398952,0.494875936252296,g1+
s__Streptococcus_rubneri,s__Streptococcus_sp._Marseille_Q4154,137,75,0.419878043637648,0.371611380269939,0.0482666633677086,0.695195474896671,g1+
s__Streptococcus_rubneri,s__Streptococcus_sp._Marseille_Q6470,136,74,0.355092002289778,0.35014142895437,0.00495057333540755,0.969317287788254,g1+
s__Streptococcus_rubneri,s__Streptococcus_sp._oral_taxon_431,139,77,0.381927776037592,0.306711375451487,0.075216400586105,0.554371085263041,g1+
s__Streptococcus_rubneri,s__Streptococcus_sp._XMC,135,73,0.689858902963247,0.54135761336398,0.148501289599267,0.102237089507922,g1+
s__Streptococcus_rubneri,s__Streptococcus_timonensis,136,77,0.539159919887763,0.520599801879204,0.0185601180085585,0.858756619960602,g1+
s__Streptococcus_rubneri,s__Streptococcus_vestibularis,137,77,-0.176290942088667,-0.312414638895339,0.136123696806673,0.316524907627125,g2-
s__Streptococcus_rubneri,s__Veillonella_atypica,137,77,-0.510969556167982,-0.477787052643358,0.0331825035246234,0.761656928989799,g1-
s__Streptococcus_rubneri,s__Veillonella_dispar,137,76,-0.438637866691673,-0.403864986751444,0.0347728799402288,0.771299924130311,g1-
s__Streptococcus_rubneri,s__Veillonella_nakazawae,133,75,-0.422659821589455,-0.47883417355835,0.0561743519688952,0.631082142758683,g2-
s__Streptococcus_rubneri,s__Veillonella_parvula,137,76,-0.323667484378661,-0.440856978254084,0.117189493875422,0.344353010279785,g2-
s__Streptococcus_rubneri,s__Veillonella_sp._CLA_AA_H247,129,73,-0.458733326626975,-0.533478614415506,0.0747452877885303,0.505377506243644,g2-
s__Streptococcus_salivarius,s__Streptococcus_sanguinis,143,78,0.185700439190447,0.345074621387446,0.159374182196999,0.229468688736035,g2+
s__Streptococcus_salivarius,s__Streptococcus_sp._263_SSPC,141,77,0.349853870072835,0.164955482303345,0.18489838776949,0.167658809606508,g1+
s__Streptococcus_salivarius,s__Streptococcus_sp._343_SSPC,133,70,-0.1304356862542,-0.335226616501147,0.204790930246947,0.148073690096642,g2-
s__Streptococcus_salivarius,s__Streptococcus_sp._HPH0090,141,76,0.310840480280679,0.167704642025827,0.143135838254852,0.293046787859419,g1+
s__Streptococcus_salivarius,s__Streptococcus_sp._HSISS2,135,75,0.716061639089882,0.713954736969293,0.00210690212058895,0.97652730168676,g1+
s__Streptococcus_salivarius,s__Streptococcus_vestibularis,141,78,0.39515855706316,0.622572691636377,0.227414134573218,0.0300087171350403,g2+
s__Streptococcus_salivarius,s__Veillonella_atypica,141,77,0.290125200715262,0.448386620911579,0.158261420196317,0.201645855916146,g2+
s__Streptococcus_salivarius,s__Veillonella_dispar,141,77,0.280542874125556,0.43524976095363,0.154706886828074,0.216464842238528,g2+
s__Streptococcus_salivarius,s__Veillonella_nakazawae,136,75,0.228830667057256,0.447423174203638,0.218592507146381,0.0894070996720382,g2+
s__Streptococcus_salivarius,s__Veillonella_sp._CLA_AA_H247,132,73,0.279421221219072,0.48799268729541,0.208571466076338,0.0969962868842527,g2+
s__Streptococcus_sanguinis,s__Veillonella_sp._S13053_19,136,75,0.00526614598218392,-0.339662946635927,0.344929092618111,0.0141481312524565,g2-
s__Streptococcus_sanguinis,s__Veillonella_tobetsuensis,138,74,-0.218923806894924,-0.341362620565077,0.122438813670153,0.36389728973816,g2-
s__Streptococcus_sp._1001283B150225_161107_H12,s__Streptococcus_sp._263_SSPC,136,71,0.154412288974609,0.30809449224523,0.153682203270621,0.274872719040459,g2+
s__Streptococcus_sp._1001283B150225_161107_H12,s__Streptococcus_sp._343_SSPC,129,66,0.858581003549386,0.679567329695062,0.179013673854324,0.00289549393500788,g1+
s__Streptococcus_sp._1001283B150225_161107_H12,s__Streptococcus_sp._A12,132,71,0.8176868411895,0.72628432808332,0.0914025131061806,0.126523059485702,g1+
s__Streptococcus_sp._1001283B150225_161107_H12,s__Streptococcus_sp._F0442,135,72,0.54304714085563,0.312348382330165,0.230698758525465,0.0547759690277274,g1+
s__Streptococcus_sp._1001283B150225_161107_H12,s__Streptococcus_sp._HMSC062D07,133,71,0.487344704008224,0.465819511718673,0.0215251922895516,0.852354496814938,g1+
s__Streptococcus_sp._1001283B150225_161107_H12,s__Streptococcus_sp._HMSC067H01,136,72,0.544463751929918,0.47692332086542,0.0675404310644978,0.537482314684652,g1+
s__Streptococcus_sp._1001283B150225_161107_H12,s__Streptococcus_sp._HSISS2,130,70,-0.207745449252107,-0.316301408058449,0.108555958806341,0.439525695256723,g2-
s__Streptococcus_sp._1001283B150225_161107_H12,s__Streptococcus_sp._Marseille_Q0941,136,71,0.508426755257152,0.4450424483505,0.0633843069066528,0.581809203647779,g1+
s__Streptococcus_sp._1001283B150225_161107_H12,s__Streptococcus_sp._Marseille_Q3533,135,70,0.532590811131511,0.51407712715338,0.0185136839781309,0.865017743608039,g1+
s__Streptococcus_sp._1001283B150225_161107_H12,s__Streptococcus_sp._Marseille_Q4154,135,70,0.505500560787381,0.382864290325901,0.12263627046148,0.306932770233229,g1+
s__Streptococcus_sp._1001283B150225_161107_H12,s__Streptococcus_sp._Marseille_Q6470,134,69,0.433153756743316,0.413776489341226,0.0193772674020902,0.875692499343498,g1+
s__Streptococcus_sp._1001283B150225_161107_H12,s__Streptococcus_sp._oral_taxon_061,132,68,0.252390404980546,0.347776552981705,0.0953861480011587,0.490218660635543,g2+
s__Streptococcus_sp._1001283B150225_161107_H12,s__Streptococcus_sp._oral_taxon_431,137,72,0.487919289478958,0.258262464888834,0.229656824590125,0.069373835181157,g1+
s__Streptococcus_sp._1001283B150225_161107_H12,s__Streptococcus_sp._XMC,134,69,0.75869055549159,0.671666817583416,0.087023737908175,0.23477314940569,g1+
s__Streptococcus_sp._1001283B150225_161107_H12,s__Streptococcus_timonensis,134,72,0.51699868139224,0.408885835811145,0.108112845581095,0.353676514110315,g1+
s__Streptococcus_sp._1001283B150225_161107_H12,s__Veillonella_atypica,135,71,-0.554490256998921,-0.488465861328857,0.066024395670064,0.543000499055716,g1-
s__Streptococcus_sp._1001283B150225_161107_H12,s__Veillonella_dispar,135,72,-0.406465317500701,-0.359864897560078,0.0466004199406231,0.713019684977038,g1-
s__Streptococcus_sp._1001283B150225_161107_H12,s__Veillonella_nakazawae,131,71,-0.389217212723107,-0.425893186071779,0.0366759733486722,0.769399883345546,g2-
s__Streptococcus_sp._1001283B150225_161107_H12,s__Veillonella_parvula,135,70,-0.346652303860992,-0.503874035980474,0.157221732119481,0.198567992800786,g2-
s__Streptococcus_sp._1001283B150225_161107_H12,s__Veillonella_rogosae,133,72,0.160096348552802,0.319191619575681,0.159095271022879,0.255793745316318,g2+
s__Streptococcus_sp._1001283B150225_161107_H12,s__Veillonella_sp._CLA_AA_H247,129,69,-0.399057428231053,-0.46070674548332,0.0616493172522671,0.618433291260061,g2-
s__Streptococcus_sp._263_SSPC,s__Streptococcus_sp._343_SSPC,133,70,0.1115867634668,0.312480848344817,0.200894084878017,0.160142836998382,g2+
s__Streptococcus_sp._263_SSPC,s__Streptococcus_sp._A12,133,74,0.169475232027355,0.36322440529422,0.193749173266865,0.155765407767279,g2+
s__Streptococcus_sp._263_SSPC,s__Streptococcus_sp._F0442,137,77,0.28876671514674,0.426779767940302,0.138013052793562,0.273088089407742,g2+
s__Streptococcus_sp._263_SSPC,s__Streptococcus_sp._HMSC034E03,141,77,0.334522654548267,0.398789445765708,0.0642667912174412,0.606098460834412,g2+
s__Streptococcus_sp._263_SSPC,s__Streptococcus_sp._HMSC056C01,140,76,0.40976083675724,0.335934446862868,0.0738263898943716,0.553682404798941,g1+
s__Streptococcus_sp._263_SSPC,s__Streptococcus_sp._HMSC061D10,141,77,0.431197506786448,0.436293701288293,0.00509619450184501,0.965250008143419,g2+
s__Streptococcus_sp._263_SSPC,s__Streptococcus_sp._HMSC062D07,135,77,0.434789219824766,0.594684573376912,0.159895353552146,0.131375542021935,g2+
s__Streptococcus_sp._263_SSPC,s__Streptococcus_sp._HMSC067H01,141,77,0.32379536706568,0.317775777646392,0.00601958941928776,0.962855000879857,g1+
s__Streptococcus_sp._263_SSPC,s__Streptococcus_sp._HMSC074B11,140,77,0.428431164027816,0.491042006974301,0.0626108429464849,0.581784878214867,g2+
s__Streptococcus_sp._263_SSPC,s__Streptococcus_sp._HPH0090,141,76,0.585215068615979,0.673270651802764,0.0880555831867847,0.311923220102085,g2+
s__Streptococcus_sp._263_SSPC,s__Streptococcus_sp._Marseille_Q0941,141,77,0.331421062583891,0.492702291042317,0.161281228458426,0.175491688484489,g2+
s__Streptococcus_sp._263_SSPC,s__Streptococcus_sp._Marseille_Q3533,140,75,0.253014739210916,0.393218367543086,0.14020362833217,0.280865441621162,g2+
s__Streptococcus_sp._263_SSPC,s__Streptococcus_sp._Marseille_Q4154,137,76,0.421805091878138,0.583284759011628,0.16147966713349,0.134798670661125,g2+
s__Streptococcus_sp._263_SSPC,s__Streptococcus_sp._Marseille_Q6470,138,75,0.443247184989683,0.544593524508488,0.101346339518804,0.357070938411082,g2+
s__Streptococcus_sp._263_SSPC,s__Streptococcus_sp._oral_taxon_061,136,74,0.379954430440469,0.401160773252801,0.0212063428123324,0.864804295941663,g2+
s__Streptococcus_sp._263_SSPC,s__Streptococcus_sp._oral_taxon_431,141,77,0.483058041632798,0.571282087859588,0.08822404622679,0.395371063401851,g2+
s__Streptococcus_sp._263_SSPC,s__Streptococcus_sp._SK140,139,76,0.472244066873487,0.456192398942363,0.0160516679311241,0.887846855590944,g1+
s__Streptococcus_sp._263_SSPC,s__Streptococcus_sp._XMC,136,74,0.105883171673037,0.41404637858572,0.308163206912682,0.0229784610628441,g2+
s__Streptococcus_sp._263_SSPC,s__Streptococcus_timonensis,139,77,0.158544146209298,0.399197564296318,0.24065341808702,0.0688666520582091,g2+
s__Streptococcus_sp._343_SSPC,s__Streptococcus_sp._A12,127,69,0.835295870372259,0.733019038698301,0.102276831673958,0.0761905737434048,g1+
s__Streptococcus_sp._343_SSPC,s__Streptococcus_sp._F0442,130,70,0.556340943192082,0.369921627601947,0.186419315590135,0.113178105744655,g1+
s__Streptococcus_sp._343_SSPC,s__Streptococcus_sp._HMSC034E03,133,70,0.289796566754197,0.329126371776276,0.039329805022079,0.772373804522552,g2+
s__Streptococcus_sp._343_SSPC,s__Streptococcus_sp._HMSC062D07,128,70,0.487623945099727,0.446414110072567,0.04120983502716,0.72767019255009,g1+
s__Streptococcus_sp._343_SSPC,s__Streptococcus_sp._HMSC067H01,133,70,0.513091806660207,0.53538510828169,0.022293301621483,0.838007962776795,g2+
s__Streptococcus_sp._343_SSPC,s__Streptococcus_sp._HSISS2,127,67,-0.212651432611152,-0.38486531278407,0.172213880172918,0.217489032618832,g2-
s__Streptococcus_sp._343_SSPC,s__Streptococcus_sp._Marseille_Q0941,133,70,0.558258437154204,0.577709691492955,0.0194512543387505,0.848557450209326,g2+
s__Streptococcus_sp._343_SSPC,s__Streptococcus_sp._Marseille_Q3533,132,70,0.554236889869134,0.58988287763715,0.0356459877680165,0.724825106330827,g2+
s__Streptococcus_sp._343_SSPC,s__Streptococcus_sp._Marseille_Q4154,131,69,0.525637684867951,0.431443680691136,0.0941940041768146,0.419145282512524,g1+
s__Streptococcus_sp._343_SSPC,s__Streptococcus_sp._Marseille_Q6470,132,68,0.447904684527335,0.427994824210489,0.0199098603168464,0.871329462949775,g1+
s__Streptococcus_sp._343_SSPC,s__Streptococcus_sp._oral_taxon_061,130,68,0.313671384636063,0.487231730133943,0.17356034549788,0.172999373564777,g2+
s__Streptococcus_sp._343_SSPC,s__Streptococcus_sp._oral_taxon_431,133,70,0.479568292391967,0.343317673268773,0.136250619123194,0.273820179739019,g1+
s__Streptococcus_sp._343_SSPC,s__Streptococcus_sp._XMC,130,69,0.829441334176032,0.735893393118571,0.0935479410574609,0.10657040435484,g1+
s__Streptococcus_sp._343_SSPC,s__Streptococcus_timonensis,132,70,0.485077961077186,0.511578758251181,0.0265007971739947,0.814859753300677,g2+
s__Streptococcus_sp._343_SSPC,s__Streptococcus_vestibularis,132,70,-0.152292456813987,-0.337005257458641,0.184712800644655,0.190305945600174,g2-
s__Streptococcus_sp._343_SSPC,s__Veillonella_atypica,132,69,-0.572852853517877,-0.511135188038949,0.0617176654789279,0.563175730185287,g1-
s__Streptococcus_sp._343_SSPC,s__Veillonella_dispar,131,69,-0.484265757500477,-0.358106504281367,0.12615925321911,0.310049616828742,g1-
s__Streptococcus_sp._343_SSPC,s__Veillonella_nakazawae,128,67,-0.462176983631466,-0.399438456022888,0.0627385276085774,0.615960762655305,g1-
s__Streptococcus_sp._343_SSPC,s__Veillonella_parvula,131,68,-0.38106148993202,-0.425872510020888,0.0448110200888684,0.725176698874234,g2-
s__Streptococcus_sp._343_SSPC,s__Veillonella_rogosae,129,70,0.104786954175188,0.349934250210284,0.245147296035095,0.0852771272512509,g2+
s__Streptococcus_sp._343_SSPC,s__Veillonella_sp._CLA_AA_H247,126,66,-0.454335924865873,-0.455908082369435,0.0015721575035621,0.989788438232382,g2-
s__Streptococcus_sp._343_SSPC,s__Veillonella_sp._oral_taxon_158,130,69,0.0875714933499886,0.368223303187893,0.280651809837904,0.0491118898010312,g2+
s__Streptococcus_sp._A12,s__Streptococcus_sp._F0442,131,74,0.552114491424596,0.475384398888351,0.0767300925362452,0.480429497109238,g1+
s__Streptococcus_sp._A12,s__Streptococcus_sp._HMSC062D07,131,74,0.49673425662066,0.393501394101885,0.103232862518774,0.38324655145032,g1+
s__Streptococcus_sp._A12,s__Streptococcus_sp._HMSC067H01,133,74,0.463751986696453,0.428419810101976,0.0353321765944765,0.764951593197112,g1+
s__Streptococcus_sp._A12,s__Streptococcus_sp._HSISS2,128,71,-0.199113507153436,-0.301613432372468,0.102499925219031,0.467484259240862,g2-
s__Streptococcus_sp._A12,s__Streptococcus_sp._Marseille_Q0941,133,74,0.541976339763653,0.47556674507288,0.0664095946907722,0.543242857283088,g1+
s__Streptococcus_sp._A12,s__Streptococcus_sp._Marseille_Q3533,133,73,0.542829508042226,0.479256902305532,0.0635726057366941,0.56121249481963,g1+
s__Streptococcus_sp._A12,s__Streptococcus_sp._Marseille_Q4154,132,73,0.516466538610915,0.434661096852949,0.0818054417579658,0.475703434916806,g1+
s__Streptococcus_sp._A12,s__Streptococcus_sp._Marseille_Q6470,132,72,0.445744170611297,0.402832600462639,0.0429115701486571,0.725585977447329,g1+
s__Streptococcus_sp._A12,s__Streptococcus_sp._oral_taxon_061,130,71,0.338321093267244,0.37669234800058,0.0383712547333355,0.769643947247131,g2+
s__Streptococcus_sp._A12,s__Streptococcus_sp._oral_taxon_431,133,74,0.451682241311052,0.321112554713621,0.130569686597431,0.296918761488141,g1+
s__Streptococcus_sp._A12,s__Streptococcus_sp._XMC,133,71,0.833041237161558,0.643595429473118,0.18944580768844,0.00375633993325875,g1+
s__Streptococcus_sp._A12,s__Streptococcus_timonensis,131,74,0.575375550152027,0.435140542162568,0.14023500798946,0.200802876520435,g1+
s__Streptococcus_sp._A12,s__Veillonella_atypica,132,73,-0.569482437007271,-0.395344533612692,0.174137903394579,0.123522056376931,g1-
s__Streptococcus_sp._A12,s__Veillonella_dispar,131,73,-0.436807937798462,-0.24135563434336,0.195452303455103,0.135217716992338,g1-
s__Streptococcus_sp._A12,s__Veillonella_nakazawae,128,71,-0.412831966815015,-0.29445250384312,0.118379462971895,0.368228113619831,g1-
s__Streptococcus_sp._A12,s__Veillonella_parvula,131,72,-0.375198935904254,-0.359206336136918,0.0159925997673357,0.901492891306821,g1-
s__Streptococcus_sp._A12,s__Veillonella_rogosae,130,74,0.0555597632079889,0.339498217285322,0.283938454077334,0.0443896222855682,g2+
s__Streptococcus_sp._A12,s__Veillonella_sp._CLA_AA_H247,126,69,-0.430288229838367,-0.352524781924902,0.0777634479134643,0.546862581328536,g1-
s__Streptococcus_sp._A12,s__Veillonella_sp._oral_taxon_158,130,72,0.0296651257765592,0.310864477183766,0.281199351407207,0.0510204868503126,g2+
s__Streptococcus_sp._A12,s__Veillonella_tobetsuensis,128,70,-0.340377624001268,-0.162423258867698,0.177954365133569,0.207986994511522,g1-
s__Streptococcus_sp._F0442,s__Streptococcus_sp._HMSC034E03,137,77,0.133557461535029,0.325537500351196,0.191980038816167,0.160062346542978,g2+
s__Streptococcus_sp._F0442,s__Streptococcus_sp._HMSC061D10,137,77,0.223633299973976,0.318292791115891,0.0946594911419144,0.480112007448243,g2+
s__Streptococcus_sp._F0442,s__Streptococcus_sp._HMSC062D07,134,77,0.461620531938224,0.320993636475251,0.140626895462973,0.251902155120543,g1+
s__Streptococcus_sp._F0442,s__Streptococcus_sp._HMSC067H01,137,78,0.358685005233052,0.261564348450909,0.0971206567821435,0.455626926763429,g1+
s__Streptococcus_sp._F0442,s__Streptococcus_sp._HPH0090,137,76,0.351463550658065,0.340263897306848,0.0111996533512171,0.930311896953734,g1+
s__Streptococcus_sp._F0442,s__Streptococcus_sp._M334,136,77,-0.230796050490053,-0.359707455724658,0.128911405234606,0.329149575908307,g2-
s__Streptococcus_sp._F0442,s__Streptococcus_sp._Marseille_Q0941,137,77,0.390255444460069,0.318956050621377,0.0712993938386917,0.573074625935351,g1+
s__Streptococcus_sp._F0442,s__Streptococcus_sp._Marseille_Q3533,136,75,0.375734048394602,0.337928503904515,0.0378055444900863,0.767114469905553,g1+
s__Streptococcus_sp._F0442,s__Streptococcus_sp._Marseille_Q4154,136,76,0.423323937938845,0.330553802541479,0.0927701353973658,0.457240602803367,g1+
s__Streptococcus_sp._F0442,s__Streptococcus_sp._Marseille_Q6470,135,75,0.366811624986817,0.364945671662283,0.00186595332453404,0.988267810762573,g1+
s__Streptococcus_sp._F0442,s__Streptococcus_sp._oral_taxon_431,138,78,0.397308833427796,0.353486644582173,0.0438221888456228,0.723106131055222,g1+
s__Streptococcus_sp._F0442,s__Streptococcus_sp._XMC,134,74,0.555337809211241,0.341813100827871,0.21352470838337,0.0670125200963565,g1+
s__Streptococcus_sp._F0442,s__Streptococcus_timonensis,136,78,0.399072994078593,0.291248352613069,0.107824641465525,0.395811198515688,g1+
s__Streptococcus_sp._F0442,s__Veillonella_rogosae,135,78,0.142932996420009,0.313836726354314,0.170903729934305,0.210977647820729,g2+
s__Streptococcus_sp._HMSC034E03,s__Streptococcus_sp._HMSC056C01,140,76,0.635579802198913,0.658914469432182,0.0233346672332682,0.781615304796977,g2+
s__Streptococcus_sp._HMSC034E03,s__Streptococcus_sp._HMSC061D10,141,77,0.672228163754192,0.714729366316156,0.0425012025619641,0.569329415269332,g2+
s__Streptococcus_sp._HMSC034E03,s__Streptococcus_sp._HMSC062D07,135,77,0.497109602064786,0.5597375569355,0.0626279548707142,0.549156370559839,g2+
s__Streptococcus_sp._HMSC034E03,s__Streptococcus_sp._HMSC067H01,141,77,0.739205475671373,0.691349471286518,0.0478560043848542,0.495569505676312,g1+
s__Streptococcus_sp._HMSC034E03,s__Streptococcus_sp._HMSC074B11,140,77,0.718421378969046,0.725659687115395,0.00723830814634896,0.91651400287716,g2+
s__Streptococcus_sp._HMSC034E03,s__Streptococcus_sp._HPH0090,141,76,0.561700441315233,0.577260524370428,0.0155600830551947,0.87356394115263,g2+
s__Streptococcus_sp._HMSC034E03,s__Streptococcus_sp._Marseille_Q0941,141,77,0.556993626841129,0.579466927349897,0.0224733005087682,0.817785764805445,g2+
s__Streptococcus_sp._HMSC034E03,s__Streptococcus_sp._Marseille_Q3533,140,75,0.402856150947385,0.397266015206161,0.00559013574122408,0.963531922894165,g1+
s__Streptococcus_sp._HMSC034E03,s__Streptococcus_sp._Marseille_Q4154,137,76,0.512179100627118,0.583121649528434,0.0709425489013161,0.485337054098902,g2+
s__Streptococcus_sp._HMSC034E03,s__Streptococcus_sp._Marseille_Q6470,138,75,0.603683157261054,0.573199548408592,0.0304836088524616,0.749235200089755,g1+
s__Streptococcus_sp._HMSC034E03,s__Streptococcus_sp._oral_taxon_061,136,74,0.600941927661776,0.556363806830742,0.0445781208310342,0.648166128747556,g1+
s__Streptococcus_sp._HMSC034E03,s__Streptococcus_sp._oral_taxon_431,141,77,0.774963813511408,0.736071516309945,0.0388922972014626,0.528631722654765,g1+
s__Streptococcus_sp._HMSC034E03,s__Streptococcus_sp._SK140,139,76,0.685030316401811,0.67198687381932,0.013043442582491,0.867675014192941,g1+
s__Streptococcus_sp._HMSC034E03,s__Veillonella_parvula,139,75,-0.331064564768112,-0.154240280186499,0.176824284581613,0.19579060740613,g1-
s__Streptococcus_sp._HMSC056C01,s__Streptococcus_sp._HMSC061D10,140,76,0.734870318098476,0.738124010824817,0.00325369272634135,0.960861892023836,g2+
s__Streptococcus_sp._HMSC056C01,s__Streptococcus_sp._HMSC062D07,135,76,0.483775449197946,0.379092822558886,0.10468262663906,0.37682994712832,g1+
s__Streptococcus_sp._HMSC056C01,s__Streptococcus_sp._HMSC067H01,140,76,0.468298112941198,0.517926506994997,0.0496283940537987,0.650691955782014,g2+
s__Streptococcus_sp._HMSC056C01,s__Streptococcus_sp._HMSC074B11,139,76,0.76382319448735,0.721223087286555,0.0426001072007958,0.512002457810105,g1+
s__Streptococcus_sp._HMSC056C01,s__Streptococcus_sp._HPH0090,140,75,0.587323760372261,0.555154619284015,0.0321691410882462,0.742783128508078,g1+
s__Streptococcus_sp._HMSC056C01,s__Streptococcus_sp._Marseille_Q0941,140,76,0.464489186069908,0.360561499261063,0.103927686808845,0.386489613383498,g1+
s__Streptococcus_sp._HMSC056C01,s__Streptococcus_sp._Marseille_Q4154,137,75,0.479585025697735,0.40017922924926,0.0794057964484746,0.499890191548396,g1+
s__Streptococcus_sp._HMSC056C01,s__Streptococcus_sp._Marseille_Q6470,137,75,0.479212867386555,0.405440754119092,0.0737721132674629,0.529759260996051,g1+
s__Streptococcus_sp._HMSC056C01,s__Streptococcus_sp._oral_taxon_061,136,73,0.441586680320054,0.314707503180216,0.126879177139838,0.31477807692968,g1+
s__Streptococcus_sp._HMSC056C01,s__Streptococcus_sp._oral_taxon_431,140,76,0.65856202121497,0.591780506934918,0.0667815142800513,0.448330283554975,g1+
s__Streptococcus_sp._HMSC056C01,s__Streptococcus_sp._SK140,138,76,0.853288384390556,0.870566941681162,0.0172785572906052,0.643224938331789,g2+
s__Streptococcus_sp._HMSC056C01,s__Veillonella_rogosae,135,76,-0.303321811658626,-0.188145924080494,0.115175887578132,0.399988843756832,g1-
s__Streptococcus_sp._HMSC056C01,s__Veillonella_sp._S13053_19,133,73,-0.33498145482443,-0.197174735532144,0.137806719292286,0.316046505699825,g1-
s__Streptococcus_sp._HMSC056C01,s__Veillonella_tobetsuensis,135,72,-0.375093257289064,-0.259002160965471,0.116091096323593,0.384094223139041,g1-
s__Streptococcus_sp._HMSC061D10,s__Streptococcus_sp._HMSC062D07,135,77,0.477049937704971,0.475427394139417,0.00162254356555391,0.988470757161883,g1+
s__Streptococcus_sp._HMSC061D10,s__Streptococcus_sp._HMSC067H01,141,77,0.597465258642274,0.556010425582562,0.0414548330597115,0.666182704176038,g1+
s__Streptococcus_sp._HMSC061D10,s__Streptococcus_sp._HMSC074B11,140,77,0.871424257692942,0.849517819673883,0.0219064380190598,0.557826279403025,g1+
s__Streptococcus_sp._HMSC061D10,s__Streptococcus_sp._HPH0090,141,76,0.571528843003465,0.613133099556922,0.0416042565534568,0.657648978839836,g2+
s__Streptococcus_sp._HMSC061D10,s__Streptococcus_sp._Marseille_Q0941,141,77,0.530245689999813,0.446589104548497,0.0836565854513161,0.444966331452928,g1+
s__Streptococcus_sp._HMSC061D10,s__Streptococcus_sp._Marseille_Q3533,140,75,0.363162045350751,0.182322182719857,0.180839862630894,0.177828746739755,g1+
s__Streptococcus_sp._HMSC061D10,s__Streptococcus_sp._Marseille_Q4154,137,76,0.493345999893842,0.555840970481089,0.0624949705872469,0.552914257447026,g2+
s__Streptococcus_sp._HMSC061D10,s__Streptococcus_sp._Marseille_Q6470,138,75,0.567861046075814,0.487265557807363,0.0805954882684511,0.443237444992338,g1+
s__Streptococcus_sp._HMSC061D10,s__Streptococcus_sp._oral_taxon_061,136,74,0.558470852510236,0.489917760026884,0.0685530924833515,0.51957305197343,g1+
s__Streptococcus_sp._HMSC061D10,s__Streptococcus_sp._oral_taxon_431,141,77,0.730687636439647,0.743449693977897,0.0127620575382502,0.846203357937685,g2+
s__Streptococcus_sp._HMSC061D10,s__Streptococcus_sp._SK140,139,76,0.846859410839983,0.787613416052992,0.0592459947869916,0.215192517119323,g1+
s__Streptococcus_sp._HMSC061D10,s__Veillonella_parvula,139,75,-0.400992343635818,0.0449254258183071,0.445917769454125,0.00126710037517808,g1-
s__Streptococcus_sp._HMSC062D07,s__Streptococcus_sp._HMSC067H01,135,77,0.558478833588183,0.609861280057387,0.0513824464692043,0.590807442541279,g2+
s__Streptococcus_sp._HMSC062D07,s__Streptococcus_sp._HMSC074B11,135,77,0.539740645384011,0.642852890577991,0.103112245193981,0.272872020940322,g2+
s__Streptococcus_sp._HMSC062D07,s__Streptococcus_sp._HPH0090,135,76,0.705524882777948,0.652383467169419,0.0531414156085295,0.498256678708125,g1+
s__Streptococcus_sp._HMSC062D07,s__Streptococcus_sp._Marseille_Q0941,135,77,0.728036394631679,0.831416573596931,0.103380178965252,0.0648003130728465,g2+
s__Streptococcus_sp._HMSC062D07,s__Streptococcus_sp._Marseille_Q3533,135,75,0.647761261606799,0.644685005189605,0.00307625641719433,0.971239873605061,g1+
s__Streptococcus_sp._HMSC062D07,s__Streptococcus_sp._Marseille_Q4154,135,76,0.829375475438901,0.87591357230686,0.0465380968679588,0.238840187219788,g2+
s__Streptococcus_sp._HMSC062D07,s__Streptococcus_sp._Marseille_Q6470,134,75,0.786685995494494,0.830141359634627,0.0434553641401328,0.390736391780372,g2+
s__Streptococcus_sp._HMSC062D07,s__Streptococcus_sp._oral_taxon_061,134,74,0.602446956801284,0.668357562585013,0.0659106057837284,0.452186906667312,g2+
s__Streptococcus_sp._HMSC062D07,s__Streptococcus_sp._oral_taxon_431,136,77,0.794382399784015,0.770576274044726,0.0238061257392885,0.671749522915993,g1+
s__Streptococcus_sp._HMSC062D07,s__Streptococcus_sp._SK140,134,76,0.497541928873932,0.435203410615269,0.0623385182586639,0.585114711048891,g1+
s__Streptococcus_sp._HMSC062D07,s__Streptococcus_sp._XMC,132,74,0.455214841512276,0.406727168807492,0.0484876727047844,0.68683209088799,g1+
s__Streptococcus_sp._HMSC062D07,s__Streptococcus_timonensis,134,77,0.536197855544264,0.507512789572215,0.0286850659720495,0.786280296422677,g1+
s__Streptococcus_sp._HMSC062D07,s__Veillonella_atypica,134,76,-0.403903115463025,-0.375369596432902,0.0285335190301234,0.817812015311814,g1-
s__Streptococcus_sp._HMSC062D07,s__Veillonella_nakazawae,130,74,-0.353859571449545,-0.213535080105227,0.140324491344318,0.301912326322205,g1-
s__Streptococcus_sp._HMSC062D07,s__Veillonella_parvula,134,75,-0.335800078401415,-0.326162716495561,0.00963736190585318,0.941189652361689,g1-
s__Streptococcus_sp._HMSC062D07,s__Veillonella_sp._CLA_AA_H247,128,72,-0.311120932919824,-0.277351920436276,0.033769012483548,0.80526462908183,g1-
s__Streptococcus_sp._HMSC062D07,s__Veillonella_tobetsuensis,132,73,-0.289285099502047,-0.403631252225866,0.114346152723819,0.380479024359198,g2-
s__Streptococcus_sp._HMSC067H01,s__Streptococcus_sp._HMSC074B11,140,77,0.60367131448118,0.643616791998512,0.0399454775173319,0.650210418880205,g2+
s__Streptococcus_sp._HMSC067H01,s__Streptococcus_sp._HPH0090,141,76,0.490033410891708,0.371788812583734,0.118244598307973,0.314366294920745,g1+
s__Streptococcus_sp._HMSC067H01,s__Streptococcus_sp._Marseille_Q0941,141,77,0.656414326906964,0.716756074341945,0.060341747434981,0.42698206123303,g2+
s__Streptococcus_sp._HMSC067H01,s__Streptococcus_sp._Marseille_Q3533,140,75,0.544745497341132,0.513880722491973,0.0308647748491592,0.768259153985578,g1+
s__Streptococcus_sp._HMSC067H01,s__Streptococcus_sp._Marseille_Q4154,137,76,0.61521456627229,0.617469547035924,0.00225498076363395,0.980057027610912,g2+
s__Streptococcus_sp._HMSC067H01,s__Streptococcus_sp._Marseille_Q6470,138,75,0.614929625697945,0.566541450648459,0.0483881750494864,0.610195497268189,g1+
s__Streptococcus_sp._HMSC067H01,s__Streptococcus_sp._oral_taxon_061,136,74,0.533445182813908,0.547874548356864,0.014429365542956,0.889662541077159,g2+
s__Streptococcus_sp._HMSC067H01,s__Streptococcus_sp._oral_taxon_431,141,78,0.741271135293281,0.730446004343391,0.0108251309498906,0.869263070133403,g1+
s__Streptococcus_sp._HMSC067H01,s__Streptococcus_sp._SK140,139,76,0.525529873519802,0.482596469183533,0.0429334043362694,0.691447271399295,g1+
s__Streptococcus_sp._HMSC067H01,s__Streptococcus_sp._XMC,136,74,0.510183769161019,0.380576199929128,0.129607569231892,0.269657206100864,g1+
s__Streptococcus_sp._HMSC067H01,s__Streptococcus_timonensis,139,78,0.363787427560923,0.420571324498023,0.0567838969371004,0.640626845435212,g2+
s__Streptococcus_sp._HMSC067H01,s__Veillonella_atypica,139,77,-0.442645693634156,-0.388473536959729,0.0541721566744267,0.650157238353957,g1-
s__Streptococcus_sp._HMSC067H01,s__Veillonella_dispar,139,77,-0.355252012953708,-0.384985104170684,0.0297330912169758,0.811463069915848,g2-
s__Streptococcus_sp._HMSC067H01,s__Veillonella_nakazawae,135,75,-0.355123128195803,-0.390552201320752,0.0354290731249489,0.778770285258193,g2-
s__Streptococcus_sp._HMSC067H01,s__Veillonella_parvula,139,76,-0.412045415723841,-0.375516296502432,0.0365291192214088,0.765673998000376,g1-
s__Streptococcus_sp._HMSC067H01,s__Veillonella_sp._CLA_AA_H247,131,73,-0.317421422659185,-0.407322387299023,0.0899009646398376,0.485771316319737,g2-
s__Streptococcus_sp._HMSC067H01,s__Veillonella_tobetsuensis,136,74,-0.317864062846955,-0.274871992984771,0.0429920698621835,0.748405817624546,g1-
s__Streptococcus_sp._HMSC074B11,s__Streptococcus_sp._HPH0090,140,76,0.605296994957752,0.600626317011266,0.00467067794648612,0.959608041205553,g1+
s__Streptococcus_sp._HMSC074B11,s__Streptococcus_sp._Marseille_Q0941,140,77,0.603008667588552,0.580721465794252,0.0222872017943,0.812012448509272,g1+
s__Streptococcus_sp._HMSC074B11,s__Streptococcus_sp._Marseille_Q3533,140,75,0.410269443628856,0.307267255023089,0.103002188605767,0.415947578487365,g1+
s__Streptococcus_sp._HMSC074B11,s__Streptococcus_sp._Marseille_Q4154,137,76,0.549454255407938,0.653081620592146,0.103627365184208,0.262337123882465,g2+
s__Streptococcus_sp._HMSC074B11,s__Streptococcus_sp._Marseille_Q6470,138,75,0.61781216800789,0.561705780007317,0.0561063880005731,0.555020867721555,g1+
s__Streptococcus_sp._HMSC074B11,s__Streptococcus_sp._oral_taxon_061,136,74,0.579385365339215,0.566133245615153,0.0132521197240623,0.893252781109524,g1+
s__Streptococcus_sp._HMSC074B11,s__Streptococcus_sp._oral_taxon_431,140,77,0.77288652292645,0.812873011685857,0.0399864887594068,0.454159792501694,g2+
s__Streptococcus_sp._HMSC074B11,s__Streptococcus_sp._SK140,139,76,0.834370780607652,0.804443034881109,0.0299277457265423,0.529294085541521,g1+
s__Streptococcus_sp._HMSC074B11,s__Veillonella_parvula,138,75,-0.391614400667579,-0.0574444667138963,0.334169933953683,0.0146532080194486,g1-
s__Streptococcus_sp._HMSC074B11,s__Veillonella_tobetsuensis,135,73,-0.347441412730212,-0.307975787978808,0.0394656247514035,0.764865783472809,g1-
s__Streptococcus_sp._HPH0090,s__Streptococcus_sp._Marseille_Q0941,141,76,0.544500333625833,0.563367707491438,0.0188673738656059,0.850797501806827,g2+
s__Streptococcus_sp._HPH0090,s__Streptococcus_sp._Marseille_Q3533,140,74,0.420647522802097,0.320803203659648,0.0998443191424482,0.427879930496443,g1+
s__Streptococcus_sp._HPH0090,s__Streptococcus_sp._Marseille_Q4154,137,75,0.632237154214335,0.628725436522827,0.00351171769150804,0.968181479392453,g1+
s__Streptococcus_sp._HPH0090,s__Streptococcus_sp._Marseille_Q6470,138,74,0.700484974882307,0.63890096111001,0.0615840137722973,0.445134245260512,g1+
s__Streptococcus_sp._HPH0090,s__Streptococcus_sp._oral_taxon_061,136,74,0.552422179270091,0.409822786893322,0.142599392376769,0.204576987884557,g1+
s__Streptococcus_sp._HPH0090,s__Streptococcus_sp._oral_taxon_431,141,76,0.751977023008445,0.695652182733017,0.0563248402754279,0.412255419863314,g1+
s__Streptococcus_sp._HPH0090,s__Streptococcus_sp._SK140,139,75,0.62402137149134,0.671839775305295,0.0478184038139549,0.571241292850663,g2+
s__Streptococcus_sp._HSISS2,s__Streptococcus_sp._Marseille_Q0941,133,74,-0.0893759905424419,-0.339625818673207,0.250249828130765,0.0735578684977682,g2-
s__Streptococcus_sp._HSISS2,s__Streptococcus_sp._Marseille_Q3533,132,72,-0.219516614724151,-0.432005515418506,0.212488900694355,0.108742883720797,g2-
s__Streptococcus_sp._HSISS2,s__Streptococcus_vestibularis,134,75,0.478649230745212,0.553169471367087,0.0745202406218747,0.488141317804203,g2+
s__Streptococcus_sp._HSISS2,s__Veillonella_atypica,134,74,0.290739854071493,0.475345146957066,0.184605292885573,0.139834528593189,g2+
s__Streptococcus_sp._HSISS2,s__Veillonella_dispar,133,75,0.302634843275999,0.394070452448322,0.0914356091723238,0.478171514617516,g2+
s__Streptococcus_sp._HSISS2,s__Veillonella_nakazawae,129,73,0.24377807934064,0.416421519598061,0.172643440257421,0.191824150168165,g2+
s__Streptococcus_sp._HSISS2,s__Veillonella_sp._CLA_AA_H247,126,71,0.354155223936094,0.536482893927827,0.182327669991733,0.129643917681638,g2+
s__Streptococcus_sp._M334,s__Streptococcus_sp._UMB0029,137,77,0.586618683419492,0.50611125762634,0.080507425793152,0.427152556274132,g1+
s__Streptococcus_sp._M334,s__Veillonella_dispar,138,76,-0.243746053274306,-0.333032434704,0.0892863814296939,0.502221186486966,g2-
s__Streptococcus_sp._M334,s__Veillonella_nakazawae,134,74,-0.208332804073803,-0.347977706078248,0.139644902004445,0.303260426443153,g2-
s__Streptococcus_sp._M334,s__Veillonella_sp._CLA_AA_H247,130,72,-0.204060286148595,-0.335630006099947,0.131569719951352,0.341716659340983,g2-
s__Streptococcus_sp._Marseille_Q0941,s__Streptococcus_sp._Marseille_Q3533,140,75,0.734681839641634,0.754160773512918,0.0194789338712842,0.763963484797618,g2+
s__Streptococcus_sp._Marseille_Q0941,s__Streptococcus_sp._Marseille_Q4154,137,76,0.812931409864013,0.819209473593044,0.00627806372903106,0.897188572971553,g2+
s__Streptococcus_sp._Marseille_Q0941,s__Streptococcus_sp._Marseille_Q6470,138,75,0.799772397106697,0.807728182140219,0.00795578503352179,0.877587768648334,g2+
s__Streptococcus_sp._Marseille_Q0941,s__Streptococcus_sp._oral_taxon_061,136,74,0.62822135164851,0.659354260768884,0.0311329091203734,0.717397972884671,g2+
s__Streptococcus_sp._Marseille_Q0941,s__Streptococcus_sp._oral_taxon_431,141,77,0.770005427550519,0.698509324394754,0.0714961031557648,0.279068248341714,g1+
s__Streptococcus_sp._Marseille_Q0941,s__Streptococcus_sp._SK140,139,76,0.462934651221222,0.379447193448184,0.083487457773038,0.483659817301433,g1+
s__Streptococcus_sp._Marseille_Q0941,s__Streptococcus_sp._XMC,136,74,0.540259406920952,0.464098422360123,0.0761609845608293,0.487703078473361,g1+
s__Streptococcus_sp._Marseille_Q0941,s__Streptococcus_timonensis,139,77,0.593918782502539,0.580172663485558,0.0137461190169812,0.884545012789078,g1+
s__Streptococcus_sp._Marseille_Q0941,s__Veillonella_atypica,139,76,-0.531187974513178,-0.573244376925053,0.042056402411875,0.67647666504353,g2-
s__Streptococcus_sp._Marseille_Q0941,s__Veillonella_dispar,139,76,-0.504282896465161,-0.324893025215366,0.179389871249795,0.133101399148116,g1-
s__Streptococcus_sp._Marseille_Q0941,s__Veillonella_nakazawae,135,74,-0.505858970828528,-0.386822117194962,0.119036853633567,0.311047745373766,g1-
s__Streptococcus_sp._Marseille_Q0941,s__Veillonella_parvula,139,75,-0.543818442896958,-0.407654269378294,0.136164173518663,0.225189479344143,g1-
s__Streptococcus_sp._Marseille_Q0941,s__Veillonella_sp._CLA_AA_H247,131,72,-0.491827100665063,-0.443611970685574,0.0482151299794898,0.679275771262506,g1-
s__Streptococcus_sp._Marseille_Q0941,s__Veillonella_tobetsuensis,136,73,-0.329405519482187,-0.395871031364893,0.0664655118827058,0.604023021532295,g2-
s__Streptococcus_sp._Marseille_Q3533,s__Streptococcus_sp._Marseille_Q4154,137,74,0.702531965352283,0.674454688636427,0.0280772767158559,0.715957160437462,g1+
s__Streptococcus_sp._Marseille_Q3533,s__Streptococcus_sp._Marseille_Q6470,138,73,0.610947418508841,0.705177321573863,0.0942299030650228,0.256591324776638,g2+
s__Streptococcus_sp._Marseille_Q3533,s__Streptococcus_sp._oral_taxon_061,136,73,0.534206408706305,0.498154369965399,0.0360520387409064,0.739171633245342,g1+
s__Streptococcus_sp._Marseille_Q3533,s__Streptococcus_sp._oral_taxon_431,140,75,0.640417308535921,0.498025656532752,0.142391652003169,0.14488781913397,g1+
s__Streptococcus_sp._Marseille_Q3533,s__Streptococcus_sp._XMC,136,73,0.494988054808932,0.487691869845062,0.00729618496387047,0.948065350823086,g1+
s__Streptococcus_sp._Marseille_Q3533,s__Streptococcus_timonensis,138,75,0.736955717627936,0.677921964546409,0.059033753081527,0.416683564855344,g1+
s__Streptococcus_sp._Marseille_Q3533,s__Streptococcus_vestibularis,138,75,-0.120339551326506,-0.329304908894263,0.208965357567758,0.129711476193054,g2-
s__Streptococcus_sp._Marseille_Q3533,s__Veillonella_atypica,138,74,-0.533941408796287,-0.4941190746953,0.039822334100987,0.711868472003532,g1-
s__Streptococcus_sp._Marseille_Q3533,s__Veillonella_dispar,138,74,-0.520389119252816,-0.309242957623401,0.211146161629415,0.0793994014381494,g1-
s__Streptococcus_sp._Marseille_Q3533,s__Veillonella_nakazawae,134,72,-0.517054052024249,-0.385536913899979,0.13151713812427,0.265115729391342,g1-
s__Streptococcus_sp._Marseille_Q3533,s__Veillonella_parvula,138,73,-0.557931832812861,-0.48556095137567,0.0723708814371911,0.498934468988633,g1-
s__Streptococcus_sp._Marseille_Q3533,s__Veillonella_sp._CLA_AA_H247,130,71,-0.570272521108078,-0.486027684118984,0.0842448369890948,0.435889154616979,g1-
s__Streptococcus_sp._Marseille_Q4154,s__Streptococcus_sp._Marseille_Q6470,137,75,0.810084716723815,0.827250006444711,0.0171652897208959,0.72150125955272,g2+
s__Streptococcus_sp._Marseille_Q4154,s__Streptococcus_sp._oral_taxon_061,135,73,0.642021216182862,0.643215367291148,0.00119415110828613,0.989023160647023,g2+
s__Streptococcus_sp._Marseille_Q4154,s__Streptococcus_sp._oral_taxon_431,138,76,0.774658975314766,0.835282473792011,0.0606234984772457,0.23241558287298,g2+
s__Streptococcus_sp._Marseille_Q4154,s__Streptococcus_sp._SK140,136,75,0.462057537791395,0.464981230332923,0.00292369254152813,0.97969568561396,g2+
s__Streptococcus_sp._Marseille_Q4154,s__Streptococcus_sp._XMC,135,73,0.473770879336484,0.37276628707716,0.101004592259324,0.404367260955046,g1+
s__Streptococcus_sp._Marseille_Q4154,s__Streptococcus_timonensis,135,76,0.544659681854647,0.465378931794292,0.0792807500603552,0.464864337351612,g1+
s__Streptococcus_sp._Marseille_Q4154,s__Veillonella_atypica,136,75,-0.447821952143857,-0.378305571254457,0.0695163808893999,0.566394520351869,g1-
s__Streptococcus_sp._Marseille_Q4154,s__Veillonella_dispar,136,75,-0.371162366905548,-0.138122510623487,0.233039856282062,0.086556548246812,g1-
s__Streptococcus_sp._Marseille_Q4154,s__Veillonella_nakazawae,132,73,-0.396429866747689,-0.218095132390789,0.1783347343569,0.182828749817165,g1-
s__Streptococcus_sp._Marseille_Q4154,s__Veillonella_parvula,136,74,-0.43026659269332,-0.287257816543577,0.143008776149743,0.262624996583625,g1-
s__Streptococcus_sp._Marseille_Q4154,s__Veillonella_sp._CLA_AA_H247,130,71,-0.352789950916232,-0.239976714173675,0.112813236742557,0.409719991697199,g1-
s__Streptococcus_sp._Marseille_Q4154,s__Veillonella_tobetsuensis,133,72,-0.370413956485047,-0.429352996089782,0.0589390396047351,0.637417451081288,g2-
s__Streptococcus_sp._Marseille_Q6470,s__Streptococcus_sp._oral_taxon_061,135,72,0.738552438611046,0.658602513418287,0.0799499251927587,0.290747536155416,g1+
s__Streptococcus_sp._Marseille_Q6470,s__Streptococcus_sp._oral_taxon_431,138,75,0.776916625374659,0.767588514914663,0.00932811045999549,0.874152738741514,g1+
s__Streptococcus_sp._Marseille_Q6470,s__Streptococcus_sp._SK140,137,75,0.50171716723293,0.439773138164724,0.0619440290682062,0.585694945362244,g1+
s__Streptococcus_sp._Marseille_Q6470,s__Streptococcus_sp._XMC,135,72,0.480959885507865,0.354926697099767,0.126033188408097,0.302531344391663,g1+
s__Streptococcus_sp._Marseille_Q6470,s__Streptococcus_timonensis,136,75,0.452840955495426,0.485261880981823,0.032420925486397,0.776291788018192,g2+
s__Streptococcus_sp._Marseille_Q6470,s__Veillonella_atypica,136,74,-0.339795196599848,-0.413659244105909,0.0738640475060613,0.557755561612983,g2-
s__Streptococcus_sp._Marseille_Q6470,s__Veillonella_parvula,136,73,-0.380243081532757,-0.321799315318042,0.0584437662147153,0.651528065485152,g1-
s__Streptococcus_sp._Marseille_Q6470,s__Veillonella_tobetsuensis,133,71,-0.358616930503423,-0.386741654366334,0.028124723862911,0.827225108332355,g2-
s__Streptococcus_sp._oral_taxon_061,s__Streptococcus_sp._oral_taxon_431,136,74,0.673269168792706,0.624793736547554,0.0484754322451516,0.568263072114998,g1+
s__Streptococcus_sp._oral_taxon_061,s__Streptococcus_sp._SK140,136,73,0.507715342625991,0.369952676041958,0.137762666584033,0.246079457503343,g1+
s__Streptococcus_sp._oral_taxon_061,s__Streptococcus_sp._XMC,133,72,0.335069080198865,0.465626192048209,0.130557111849344,0.295110237863425,g2+
s__Streptococcus_sp._oral_taxon_061,s__Streptococcus_timonensis,136,74,0.360521057787786,0.421375979769113,0.060854921981327,0.624814289463121,g2+
s__Streptococcus_sp._oral_taxon_061,s__Veillonella_atypica,134,73,-0.242954326622131,-0.356506917684316,0.113552591062184,0.398626101949501,g2-
s__Streptococcus_sp._oral_taxon_061,s__Veillonella_parvula,134,72,-0.425239506173331,-0.328506718789938,0.096732787383393,0.447785103972885,g1-
s__Streptococcus_sp._oral_taxon_061,s__Veillonella_tobetsuensis,132,71,-0.274859918465952,-0.41456396383204,0.139704045366089,0.288702883073699,g2-
s__Streptococcus_sp._oral_taxon_431,s__Streptococcus_sp._SK140,139,76,0.687934790743852,0.678007648908102,0.00992714183575027,0.897955974611896,g1+
s__Streptococcus_sp._oral_taxon_431,s__Streptococcus_sp._XMC,136,74,0.433327397937444,0.285546551258677,0.147780846678766,0.246664694766053,g1+
s__Streptococcus_sp._oral_taxon_431,s__Streptococcus_timonensis,139,78,0.473387446763705,0.393994704875986,0.0793927418877186,0.496044047849222,g1+
s__Streptococcus_sp._oral_taxon_431,s__Veillonella_atypica,140,77,-0.369339591222837,-0.218046783513175,0.151292807709661,0.249723393445411,g1-
s__Streptococcus_sp._oral_taxon_431,s__Veillonella_dispar,140,77,-0.31038023087847,-0.0679026403685343,0.242477590509936,0.0795307701618067,g1-
s__Streptococcus_sp._oral_taxon_431,s__Veillonella_nakazawae,136,75,-0.374231163274004,-0.111848221321654,0.262382941952349,0.054776839718041,g1-
s__Streptococcus_sp._oral_taxon_431,s__Veillonella_parvula,140,76,-0.420579909166206,-0.193706345516932,0.226873563649274,0.081769577431575,g1-
s__Streptococcus_sp._oral_taxon_431,s__Veillonella_sp._CLA_AA_H247,132,73,-0.34719438055177,-0.142349604532956,0.204844776018814,0.140281236400441,g1-
s__Streptococcus_sp._oral_taxon_431,s__Veillonella_tobetsuensis,137,74,-0.340378199512858,-0.422893850591233,0.082515651078375,0.510086941189995,g2-
s__Streptococcus_sp._SK140,s__Veillonella_tobetsuensis,134,72,-0.31675086735617,-0.174686662498195,0.142064204857975,0.308333245377691,g1-
s__Streptococcus_sp._XMC,s__Streptococcus_timonensis,134,74,0.503397663613043,0.465766120126955,0.0376315434860879,0.738507111025399,g1+
s__Streptococcus_sp._XMC,s__Veillonella_atypica,135,73,-0.548300986240854,-0.361151118977421,0.187149867263433,0.107854732582004,g1-
s__Streptococcus_sp._XMC,s__Veillonella_dispar,134,74,-0.416727784274417,-0.183063750587978,0.233664033686438,0.0793297827665931,g1-
s__Streptococcus_sp._XMC,s__Veillonella_nakazawae,131,72,-0.393548010397488,-0.272175926550944,0.121372083846544,0.359754891475795,g1-
s__Streptococcus_sp._XMC,s__Veillonella_parvula,134,72,-0.309295311980484,-0.290901712846666,0.0183935991338181,0.891900814702323,g1-
s__Streptococcus_sp._XMC,s__Veillonella_sp._CLA_AA_H247,129,71,-0.394327796297194,-0.309971385725902,0.0843564105712917,0.521752063113605,g1-
s__Streptococcus_timonensis,s__Veillonella_atypica,138,77,-0.477933245834827,-0.450439836994926,0.0274934088399005,0.808526986096591,g1-
s__Streptococcus_timonensis,s__Veillonella_dispar,138,77,-0.424024973249544,-0.202672658760929,0.221352314488616,0.0876045563789987,g1-
s__Streptococcus_timonensis,s__Veillonella_nakazawae,133,75,-0.454297018008178,-0.246577381586802,0.207719636421376,0.104722267043837,g1-
s__Streptococcus_timonensis,s__Veillonella_parvula,138,76,-0.346800435773468,-0.509585054660545,0.162784618887077,0.167837499039272,g2-
s__Streptococcus_timonensis,s__Veillonella_sp._CLA_AA_H247,130,73,-0.449572421100447,-0.309973456821832,0.139598964278615,0.271623093377575,g1-
s__Streptococcus_vestibularis,s__Veillonella_atypica,140,77,0.0410013427083779,0.386549639457319,0.345548296748941,0.0110247015802571,g2+
s__Streptococcus_vestibularis,s__Veillonella_nakazawae,135,75,-0.00661673637574453,0.359734903429156,0.3663516398049,0.00890861354918826,g2+
s__Streptococcus_vestibularis,s__Veillonella_parvula,139,76,-0.00888075331476498,0.329868173638724,0.338748926953489,0.0153916493577584,g2+
s__Streptococcus_vestibularis,s__Veillonella_rogosae,135,78,-0.333827672591862,-0.104402968334837,0.229424704257025,0.0937438457536695,g1-
s__Streptococcus_vestibularis,s__Veillonella_sp._CLA_AA_H247,131,73,0.00223315830746302,0.304521553974507,0.302288395667044,0.0356769109368646,g2+
s__Streptococcus_vestibularis,s__Veillonella_sp._oral_taxon_158,137,76,-0.329124663626832,-0.137280909792796,0.191843753834036,0.16143912190041,g1-
s__Streptococcus_vestibularis,s__Veillonella_sp._S13053_19,134,75,-0.318902825855987,-0.0160179209523028,0.302884904903684,0.032104197462224,g1-
s__Veillonella_atypica,s__Veillonella_dispar,140,76,0.842313696609448,0.737168728462848,0.1051449681466,0.0493393616086002,g1+
s__Veillonella_atypica,s__Veillonella_nakazawae,136,75,0.81178468968688,0.733924285667711,0.0778604040191689,0.182478776195877,g1+
s__Veillonella_atypica,s__Veillonella_parvula,140,76,0.596039921913524,0.719674156305383,0.123634234391859,0.128982637301859,g2+
s__Veillonella_atypica,s__Veillonella_sp._CLA_AA_H247,132,73,0.722500819547709,0.713905012615433,0.00859580693227668,0.904801999770322,g1+
s__Veillonella_atypica,s__Veillonella_sp._S13053_19,135,75,0.338249407712838,0.288411144540273,0.0498382631725647,0.705927732597148,g1+
s__Veillonella_atypica,s__Veillonella_tobetsuensis,137,74,0.608431281979471,0.537490187378645,0.0709410946008262,0.471026636851936,g1+
s__Veillonella_dispar,s__Veillonella_nakazawae,136,75,0.927981884326002,0.922718536648969,0.00526334767703274,0.802287902987036,g1+
s__Veillonella_dispar,s__Veillonella_parvula,141,75,0.648804563476282,0.649427651042579,0.000623087566296476,0.994090282124029,g2+
s__Veillonella_dispar,s__Veillonella_rogosae,137,77,0.296230008691542,0.359689053566787,0.0634590448752447,0.623257991054823,g2+
s__Veillonella_dispar,s__Veillonella_sp._CLA_AA_H247,132,73,0.853388544526986,0.833163550022955,0.0202249945040307,0.636775606165199,g1+
s__Veillonella_dispar,s__Veillonella_sp._oral_taxon_158,139,75,0.360749811135405,0.329936573961024,0.0308132371743808,0.810268766957783,g1+
s__Veillonella_dispar,s__Veillonella_sp._S13053_19,136,74,0.391589517596909,0.394938100345026,0.0033485827481165,0.978499131101217,g2+
s__Veillonella_dispar,s__Veillonella_tobetsuensis,138,74,0.470283563300074,0.33653783044619,0.133745732853884,0.274345171920496,g1+
s__Veillonella_nakazawae,s__Veillonella_parvula,136,74,0.606134796435385,0.6648184934593,0.058683697023915,0.502276673799663,g2+
s__Veillonella_nakazawae,s__Veillonella_sp._CLA_AA_H247,131,73,0.829252642764208,0.820317932318751,0.00893471044545724,0.850860475317539,g1+
s__Veillonella_nakazawae,s__Veillonella_sp._oral_taxon_158,134,74,0.364848146527699,0.268371730508578,0.0964764160191207,0.466310317912308,g1+
s__Veillonella_nakazawae,s__Veillonella_sp._S13053_19,131,73,0.379663568810966,0.348933016571247,0.0307305522397194,0.811576676452548,g1+
s__Veillonella_nakazawae,s__Veillonella_tobetsuensis,133,73,0.473821939784094,0.297795523864517,0.176026415919576,0.160830401897054,g1+
s__Veillonella_parvula,s__Veillonella_sp._CLA_AA_H247,132,72,0.587145094812927,0.561942763914789,0.0252023308981377,0.800807954375583,g1+
s__Veillonella_parvula,s__Veillonella_sp._S13053_19,136,74,0.367436676356228,0.1670399529872,0.200396723369029,0.14013951728434,g1+
s__Veillonella_parvula,s__Veillonella_tobetsuensis,138,73,0.380733015241287,0.283733072641995,0.0969999425992925,0.458526716537312,g1+
s__Veillonella_rogosae,s__Veillonella_sp._oral_taxon_158,137,76,0.958101720101663,0.925838543019011,0.0322631770826526,0.0434126867840383,g1+
s__Veillonella_rogosae,s__Veillonella_sp._S13053_19,134,75,0.928599466265404,0.868381978575129,0.0602174876902749,0.0283393272262713,g1+
s__Veillonella_rogosae,s__Veillonella_tobetsuensis,135,74,0.507788163690143,0.540612156261702,0.0328239925715591,0.758363955743514,g2+
s__Veillonella_sp._CLA_AA_H247,s__Veillonella_sp._oral_taxon_158,131,73,0.30304150508361,0.12249700067381,0.1805445044098,0.201797133778954,g1+
s__Veillonella_sp._CLA_AA_H247,s__Veillonella_sp._S13053_19,129,73,0.358372611611272,0.247468097203121,0.11090451440815,0.41196704222913,g1+
s__Veillonella_sp._CLA_AA_H247,s__Veillonella_tobetsuensis,130,73,0.354864108098562,0.267488875741397,0.0873752323571655,0.515342652707516,g1+
s__Veillonella_sp._oral_taxon_158,s__Veillonella_sp._S13053_19,136,75,0.928595178458058,0.890956989690848,0.0376381887672091,0.129984193971607,g1+
s__Veillonella_sp._oral_taxon_158,s__Veillonella_tobetsuensis,137,74,0.526645309517091,0.488840070777812,0.0378052387392783,0.728486625483002,g1+
s__Veillonella_sp._S13053_19,s__Veillonella_tobetsuensis,136,74,0.542843575141864,0.561387400517167,0.0185438253753029,0.855967967334544,g2+
